frame,time,faces_detected_count,face_0_tl_x,face_0_tl_y,face_0_br_x,face_0_br_y,face_1_tl_x,face_1_tl_y,face_1_br_x,face_1_br_y
15261,08:12.996,1,1995.0,244.0,2128.0,419.0,,,,
15276,08:13.480,1,1994.0,259.0,2126.0,434.0,,,,
15291,08:13.965,1,2013.0,357.0,2145.0,524.0,,,,
15306,08:14.450,1,2221.0,822.0,2361.0,987.0,,,,
15321,08:14.934,1,2302.0,811.0,2428.0,974.0,,,,
15336,08:15.419,1,2306.0,831.0,2432.0,997.0,,,,
15351,08:15.903,0,,,,,,,,
15366,08:16.388,1,2188.0,820.0,2323.0,981.0,,,,
15381,08:16.872,1,1758.0,725.0,1862.0,873.0,,,,
15396,08:17.357,1,1685.0,723.0,1788.0,862.0,,,,
15411,08:17.841,1,1584.0,704.0,1683.0,840.0,,,,
15426,08:18.326,1,1692.0,588.0,1793.0,731.0,,,,
15441,08:18.811,1,1903.0,512.0,2019.0,663.0,,,,
15456,08:19.295,1,2089.0,512.0,2222.0,665.0,,,,
15471,08:19.780,1,2076.0,535.0,2209.0,685.0,,,,
15486,08:20.264,1,2051.0,542.0,2188.0,694.0,,,,
15501,08:20.749,1,1819.0,571.0,1934.0,709.0,,,,
15516,08:21.233,1,1610.0,630.0,1714.0,769.0,,,,
15531,08:21.718,1,1612.0,635.0,1714.0,771.0,,,,
15546,08:22.203,1,1620.0,629.0,1723.0,769.0,,,,
15561,08:22.687,1,1626.0,647.0,1730.0,788.0,,,,
15576,08:23.172,1,1631.0,657.0,1739.0,796.0,,,,
15591,08:23.656,1,1635.0,654.0,1737.0,792.0,,,,
15606,08:24.141,1,1673.0,716.0,1780.0,853.0,,,,
15621,08:24.625,1,1825.0,656.0,1940.0,797.0,,,,
15636,08:25.110,1,1846.0,644.0,1956.0,785.0,,,,
15651,08:25.594,1,2293.0,794.0,2416.0,959.0,,,,
15666,08:26.079,1,2326.0,801.0,2438.0,964.0,,,,
15681,08:26.564,0,,,,,,,,
15696,08:27.048,1,2321.0,786.0,2437.0,947.0,,,,
15711,08:27.533,1,2311.0,774.0,2436.0,941.0,,,,
15726,08:28.017,0,,,,,,,,
15741,08:28.502,0,,,,,,,,
15756,08:28.986,1,2045.0,613.0,2168.0,765.0,,,,
15771,08:29.471,1,1844.0,424.0,1957.0,574.0,,,,
15786,08:29.956,1,1860.0,478.0,1976.0,624.0,,,,
15801,08:30.440,1,2075.0,783.0,2205.0,936.0,,,,
15816,08:30.925,1,2207.0,1101.0,2349.0,1270.0,,,,
15831,08:31.409,1,2218.0,880.0,2351.0,1036.0,,,,
15846,08:31.894,1,2205.0,638.0,2341.0,796.0,,,,
15861,08:32.378,1,2210.0,946.0,2349.0,1103.0,,,,
15876,08:32.863,1,2236.0,977.0,2380.0,1141.0,,,,
15891,08:33.348,0,,,,,,,,
15906,08:33.832,0,,,,,,,,
15921,08:34.317,0,,,,,,,,
15936,08:34.801,0,,,,,,,,
15951,08:35.286,0,,,,,,,,
15966,08:35.770,1,2281.0,894.0,2416.0,1060.0,,,,
15981,08:36.255,1,2245.0,848.0,2379.0,1007.0,,,,
15996,08:36.739,0,,,,,,,,
16011,08:37.224,0,,,,,,,,
16026,08:37.709,0,,,,,,,,
16041,08:38.193,1,2077.0,349.0,2200.0,515.0,,,,
16056,08:38.678,1,1788.0,181.0,1899.0,351.0,,,,
16071,08:39.162,1,2073.0,321.0,2193.0,493.0,,,,
16086,08:39.647,1,2179.0,616.0,2314.0,774.0,,,,
16101,08:40.131,1,2214.0,684.0,2352.0,844.0,,,,
16116,08:40.616,1,2221.0,664.0,2358.0,822.0,,,,
16131,08:41.101,1,2250.0,646.0,2389.0,805.0,,,,
16146,08:41.585,0,,,,,,,,
16161,08:42.070,0,,,,,,,,
16176,08:42.554,0,,,,,,,,
16191,08:43.039,0,,,,,,,,
16206,08:43.523,0,,,,,,,,
16221,08:44.008,0,,,,,,,,
16236,08:44.493,1,48.0,528.0,286.0,840.0,,,,
16251,08:44.977,1,663.0,569.0,836.0,841.0,,,,
16266,08:45.462,1,641.0,587.0,811.0,865.0,,,,
16281,08:45.946,1,680.0,670.0,847.0,941.0,,,,
16296,08:46.431,1,691.0,654.0,857.0,927.0,,,,
16311,08:46.915,1,131.0,759.0,361.0,1065.0,,,,
16326,08:47.400,1,1985.0,690.0,2122.0,835.0,,,,
16341,08:47.884,1,1667.0,712.0,1784.0,847.0,,,,
16356,08:48.369,1,1844.0,699.0,1967.0,845.0,,,,
16371,08:48.854,1,2000.0,683.0,2134.0,825.0,,,,
16386,08:49.338,1,2244.0,684.0,2393.0,838.0,,,,
16401,08:49.823,1,2233.0,697.0,2378.0,850.0,,,,
16416,08:50.307,1,2217.0,902.0,2372.0,1052.0,,,,
16431,08:50.792,1,2240.0,525.0,2388.0,687.0,,,,
16446,08:51.276,1,2247.0,572.0,2388.0,728.0,,,,
16461,08:51.761,1,2247.0,623.0,2392.0,782.0,,,,
16476,08:52.246,1,2240.0,638.0,2381.0,797.0,,,,
16491,08:52.730,1,2269.0,669.0,2415.0,827.0,,,,
16506,08:53.215,1,2298.0,695.0,2425.0,853.0,,,,
16521,08:53.699,1,2314.0,689.0,2438.0,849.0,,,,
16536,08:54.184,0,,,,,,,,
16551,08:54.668,0,,,,,,,,
16566,08:55.153,0,,,,,,,,
16581,08:55.637,0,,,,,,,,
16596,08:56.122,0,,,,,,,,
16611,08:56.607,0,,,,,,,,
16626,08:57.091,0,,,,,,,,
16641,08:57.576,0,,,,,,,,
16656,08:58.060,0,,,,,,,,
16671,08:58.545,0,,,,,,,,
16686,08:59.029,0,,,,,,,,
16701,08:59.514,1,2242.0,1006.0,2377.0,1171.0,,,,
16716,08:59.999,1,1698.0,890.0,1801.0,1034.0,,,,
16731,09:00.483,0,,,,,,,,
16746,09:00.968,2,2035.0,730.0,2260.0,977.0,804.0,909.0,910.0,1056.0
16761,09:01.452,1,990.0,887.0,1090.0,1029.0,,,,
16776,09:01.937,2,561.0,631.0,728.0,871.0,1802.0,858.0,1919.0,1018.0
16791,09:02.421,2,1878.0,842.0,2001.0,1006.0,665.0,547.0,828.0,783.0
16806,09:02.906,2,673.0,600.0,833.0,836.0,1877.0,886.0,2001.0,1043.0
16821,09:03.391,2,761.0,594.0,914.0,826.0,1972.0,907.0,2104.0,1069.0
16836,09:03.875,2,810.0,562.0,967.0,797.0,2037.0,911.0,2172.0,1074.0
16851,09:04.360,2,466.0,549.0,657.0,800.0,1717.0,894.0,1831.0,1048.0
16866,09:04.844,2,3.0,495.0,247.0,793.0,1418.0,820.0,1518.0,961.0
16881,09:05.329,1,1303.0,820.0,1403.0,964.0,,,,
16896,09:05.813,2,144.0,635.0,367.0,909.0,1507.0,861.0,1611.0,1007.0
16911,09:06.298,2,818.0,641.0,982.0,877.0,2115.0,887.0,2262.0,1057.0
16926,09:06.782,2,421.0,633.0,615.0,889.0,1705.0,889.0,1818.0,1041.0
16941,09:07.267,2,1576.0,726.0,1748.0,945.0,319.0,950.0,454.0,1114.0
16956,09:07.752,2,1613.0,715.0,1791.0,936.0,366.0,953.0,500.0,1118.0
16971,09:08.236,2,476.0,941.0,602.0,1100.0,1700.0,710.0,1889.0,936.0
16986,09:08.721,1,1096.0,870.0,1195.0,1012.0,,,,
17001,09:09.205,1,1039.0,880.0,1140.0,1022.0,,,,
17016,09:09.690,2,1715.0,703.0,1895.0,922.0,524.0,935.0,641.0,1088.0
17031,09:10.174,2,1790.0,688.0,1981.0,916.0,597.0,923.0,711.0,1079.0
17046,09:10.659,2,862.0,892.0,966.0,1035.0,2101.0,649.0,2307.0,896.0
17061,09:11.144,1,1091.0,790.0,1190.0,929.0,,,,
17076,09:11.628,1,1171.0,786.0,1271.0,927.0,,,,
17091,09:12.113,2,727.0,680.0,895.0,922.0,2022.0,775.0,2159.0,934.0
17106,09:12.597,2,676.0,684.0,846.0,925.0,1969.0,808.0,2102.0,970.0
17121,09:13.082,2,1382.0,802.0,1483.0,945.0,-75.0,625.0,164.0,941.0
17136,09:13.566,2,1362.0,808.0,1462.0,947.0,-98.0,632.0,131.0,947.0
17151,09:14.051,2,141.0,676.0,363.0,954.0,1519.0,818.0,1623.0,962.0
17166,09:14.535,2,741.0,619.0,908.0,864.0,2013.0,860.0,2147.0,1027.0
17181,09:15.020,2,719.0,626.0,888.0,871.0,1978.0,861.0,2109.0,1026.0
17196,09:15.505,2,718.0,635.0,887.0,877.0,1977.0,880.0,2109.0,1043.0
17211,09:15.989,2,719.0,641.0,888.0,884.0,1984.0,887.0,2114.0,1047.0
17226,09:16.474,2,712.0,639.0,880.0,891.0,1974.0,889.0,2104.0,1051.0
17241,09:16.958,2,716.0,638.0,885.0,895.0,1975.0,888.0,2104.0,1050.0
17256,09:17.443,2,716.0,637.0,886.0,887.0,1977.0,889.0,2105.0,1051.0
17271,09:17.927,2,710.0,628.0,883.0,881.0,1978.0,888.0,2108.0,1050.0
17286,09:18.412,2,724.0,609.0,895.0,861.0,1985.0,888.0,2115.0,1052.0
17301,09:18.897,2,722.0,589.0,892.0,832.0,1992.0,845.0,2122.0,1010.0
17316,09:19.381,2,733.0,583.0,905.0,832.0,2007.0,864.0,2139.0,1027.0
17331,09:19.866,2,116.0,518.0,345.0,812.0,1483.0,824.0,1584.0,970.0
17346,09:20.350,1,1162.0,750.0,1258.0,895.0,,,,
17361,09:20.835,1,1183.0,773.0,1279.0,912.0,,,,
17376,09:21.319,1,1136.0,771.0,1231.0,907.0,,,,
17391,09:21.804,1,1145.0,782.0,1239.0,916.0,,,,
17406,09:22.289,1,1175.0,820.0,1269.0,960.0,,,,
17421,09:22.773,2,2156.0,611.0,2390.0,864.0,848.0,761.0,947.0,908.0
17436,09:23.258,2,1611.0,740.0,1789.0,963.0,324.0,762.0,448.0,927.0
17451,09:23.742,2,1658.0,757.0,1841.0,978.0,397.0,788.0,519.0,947.0
17466,09:24.227,2,1610.0,786.0,1798.0,1019.0,329.0,839.0,459.0,1003.0
17481,09:24.711,2,1899.0,781.0,2126.0,1027.0,624.0,840.0,737.0,994.0
17496,09:25.196,1,1075.0,843.0,1171.0,984.0,,,,
17511,09:25.680,2,760.0,664.0,922.0,917.0,2050.0,959.0,2192.0,1130.0
17526,09:26.165,2,752.0,607.0,916.0,863.0,2040.0,946.0,2175.0,1114.0
17541,09:26.650,2,756.0,628.0,926.0,878.0,2062.0,970.0,2203.0,1140.0
17556,09:27.134,2,616.0,670.0,798.0,928.0,1841.0,1132.0,1965.0,1294.0
17571,09:27.619,1,1011.0,535.0,1111.0,682.0,,,,
17586,09:28.103,1,885.0,434.0,991.0,584.0,,,,
17601,09:28.588,1,1281.0,581.0,1384.0,726.0,,,,
17616,09:29.072,1,914.0,353.0,1089.0,623.0,,,,
17631,09:29.557,1,922.0,386.0,1119.0,694.0,,,,
17646,09:30.042,1,1296.0,370.0,1429.0,566.0,,,,
17661,09:30.526,2,384.0,374.0,627.0,710.0,2147.0,556.0,2326.0,764.0
17676,09:31.011,2,764.0,560.0,947.0,834.0,2274.0,820.0,2429.0,1013.0
17691,09:31.495,1,1267.0,702.0,1375.0,853.0,,,,
17706,09:31.980,1,1130.0,625.0,1239.0,783.0,,,,
17721,09:32.464,1,1134.0,592.0,1243.0,754.0,,,,
17736,09:32.949,1,1152.0,636.0,1261.0,792.0,,,,
17751,09:33.434,1,1170.0,635.0,1282.0,787.0,,,,
17766,09:33.918,1,1185.0,656.0,1297.0,809.0,,,,
17781,09:34.403,1,1199.0,653.0,1312.0,810.0,,,,
17796,09:34.887,1,1125.0,954.0,1234.0,1113.0,,,,
17811,09:35.372,1,1081.0,885.0,1190.0,1044.0,,,,
17826,09:35.856,1,1196.0,786.0,1307.0,944.0,,,,
17841,09:36.341,1,1230.0,783.0,1340.0,942.0,,,,
17856,09:36.825,1,1267.0,761.0,1377.0,920.0,,,,
17871,09:37.310,1,1245.0,742.0,1354.0,902.0,,,,
17886,09:37.795,1,805.0,751.0,921.0,913.0,,,,
17901,09:38.279,2,1469.0,732.0,1631.0,962.0,-57.0,722.0,87.0,911.0
17916,09:38.764,2,1491.0,722.0,1653.0,950.0,-12.0,754.0,155.0,944.0
17931,09:39.248,2,1469.0,701.0,1655.0,937.0,-61.0,717.0,106.0,908.0
17946,09:39.733,1,814.0,778.0,924.0,934.0,,,,
17961,09:40.217,1,1189.0,668.0,1300.0,820.0,,,,
17976,09:40.702,1,1256.0,560.0,1374.0,727.0,,,,
17991,09:41.187,1,1177.0,565.0,1296.0,740.0,,,,
18006,09:41.671,1,1244.0,724.0,1353.0,882.0,,,,
18021,09:42.156,1,1277.0,841.0,1383.0,997.0,,,,
18036,09:42.640,1,1192.0,778.0,1294.0,928.0,,,,
18051,09:43.125,1,1111.0,838.0,1216.0,990.0,,,,
18066,09:43.609,1,1166.0,814.0,1272.0,967.0,,,,
18081,09:44.094,1,1166.0,791.0,1274.0,946.0,,,,
18096,09:44.578,1,1168.0,777.0,1279.0,933.0,,,,
18111,09:45.063,1,1257.0,782.0,1368.0,943.0,,,,
18126,09:45.548,2,663.0,650.0,845.0,927.0,2188.0,680.0,2355.0,865.0
18141,09:46.032,2,671.0,651.0,854.0,923.0,2177.0,675.0,2340.0,856.0
18156,09:46.517,2,619.0,669.0,805.0,948.0,2115.0,700.0,2276.0,886.0
18171,09:47.001,2,551.0,665.0,749.0,944.0,2084.0,708.0,2240.0,889.0
18186,09:47.486,2,479.0,648.0,686.0,934.0,2027.0,701.0,2174.0,883.0
18201,09:47.970,2,333.0,618.0,557.0,907.0,1890.0,693.0,2023.0,865.0
18216,09:48.455,1,1341.0,683.0,1447.0,837.0,,,,
18231,09:48.940,1,1505.0,654.0,1618.0,813.0,,,,
18246,09:49.424,2,564.0,608.0,769.0,889.0,2150.0,644.0,2312.0,825.0
18261,09:49.909,2,594.0,588.0,791.0,867.0,2172.0,618.0,2333.0,798.0
18276,09:50.393,2,602.0,587.0,796.0,863.0,2177.0,620.0,2340.0,797.0
18291,09:50.878,2,643.0,578.0,834.0,862.0,2221.0,612.0,2384.0,797.0
18306,09:51.362,2,633.0,561.0,829.0,841.0,2238.0,600.0,2401.0,779.0
18321,09:51.847,2,585.0,578.0,790.0,856.0,2218.0,616.0,2381.0,799.0
18336,09:52.332,1,1396.0,677.0,1505.0,834.0,,,,
18351,09:52.816,2,519.0,665.0,734.0,951.0,2121.0,618.0,2279.0,802.0
18366,09:53.301,1,739.0,613.0,935.0,884.0,,,,
18381,09:53.785,1,740.0,626.0,935.0,893.0,,,,
18396,09:54.270,1,1330.0,706.0,1444.0,860.0,,,,
18411,09:54.754,1,1221.0,681.0,1331.0,832.0,,,,
18426,09:55.239,1,1210.0,680.0,1321.0,831.0,,,,
18441,09:55.723,1,1211.0,688.0,1320.0,840.0,,,,
18456,09:56.208,1,1212.0,693.0,1322.0,845.0,,,,
18471,09:56.693,1,1221.0,695.0,1329.0,843.0,,,,
18486,09:57.177,1,1234.0,697.0,1343.0,851.0,,,,
18501,09:57.662,1,1212.0,513.0,1322.0,671.0,,,,
18516,09:58.146,1,1204.0,175.0,1320.0,349.0,,,,
18531,09:58.631,1,1176.0,220.0,1294.0,402.0,,,,
18546,09:59.115,1,1188.0,306.0,1306.0,484.0,,,,
18561,09:59.600,1,1195.0,371.0,1309.0,543.0,,,,
18576,10:00.085,1,1195.0,323.0,1308.0,488.0,,,,
18591,10:00.569,1,1176.0,478.0,1289.0,638.0,,,,
18606,10:01.054,1,1192.0,400.0,1307.0,566.0,,,,
18621,10:01.538,1,1206.0,645.0,1319.0,800.0,,,,
18636,10:02.023,1,1225.0,721.0,1338.0,878.0,,,,
18651,10:02.507,1,1171.0,700.0,1278.0,854.0,,,,
18666,10:02.992,2,697.0,678.0,880.0,949.0,2199.0,614.0,2370.0,796.0
18681,10:03.477,2,731.0,658.0,912.0,925.0,2249.0,622.0,2411.0,806.0
18696,10:03.961,2,735.0,679.0,918.0,950.0,2237.0,728.0,2394.0,912.0
18711,10:04.446,2,714.0,664.0,892.0,938.0,2215.0,722.0,2378.0,907.0
18726,10:04.930,2,647.0,739.0,831.0,1010.0,2135.0,831.0,2293.0,1020.0
18741,10:05.415,1,1407.0,720.0,1519.0,876.0,,,,
18756,10:05.899,1,1245.0,646.0,1358.0,798.0,,,,
18771,10:06.384,1,1105.0,635.0,1218.0,785.0,,,,
18786,10:06.868,1,1383.0,547.0,1494.0,707.0,,,,
18801,10:07.353,1,1356.0,570.0,1469.0,729.0,,,,
18816,10:07.838,1,1384.0,567.0,1500.0,727.0,,,,
18831,10:08.322,1,1399.0,563.0,1513.0,723.0,,,,
18846,10:08.807,1,1393.0,566.0,1507.0,726.0,,,,
18861,10:09.291,1,1372.0,601.0,1484.0,761.0,,,,
18876,10:09.776,1,1384.0,616.0,1497.0,774.0,,,,
18891,10:10.260,1,1370.0,628.0,1484.0,786.0,,,,
18906,10:10.745,1,1336.0,682.0,1444.0,835.0,,,,
18921,10:11.230,1,1320.0,664.0,1431.0,823.0,,,,
18936,10:11.714,1,1339.0,689.0,1451.0,850.0,,,,
18951,10:12.199,2,741.0,580.0,921.0,846.0,2278.0,707.0,2432.0,893.0
18966,10:12.683,2,1536.0,755.0,1653.0,924.0,-102.0,625.0,144.0,952.0
18981,10:13.168,1,1307.0,716.0,1416.0,874.0,,,,
18996,10:13.652,1,1304.0,721.0,1417.0,883.0,,,,
19011,10:14.137,1,1312.0,734.0,1425.0,897.0,,,,
19026,10:14.621,1,1304.0,729.0,1413.0,887.0,,,,
19041,10:15.106,1,1293.0,721.0,1404.0,881.0,,,,
19056,10:15.591,1,1278.0,719.0,1387.0,881.0,,,,
19071,10:16.075,1,1286.0,713.0,1397.0,873.0,,,,
19086,10:16.560,1,1277.0,709.0,1389.0,869.0,,,,
19101,10:17.044,1,1268.0,718.0,1380.0,878.0,,,,
19116,10:17.529,1,1272.0,752.0,1384.0,915.0,,,,
19131,10:18.013,1,1269.0,718.0,1380.0,877.0,,,,
19146,10:18.498,1,1271.0,714.0,1381.0,872.0,,,,
19161,10:18.983,1,1267.0,702.0,1376.0,858.0,,,,
19176,10:19.467,1,1269.0,706.0,1376.0,864.0,,,,
19191,10:19.952,1,1268.0,706.0,1376.0,863.0,,,,
19206,10:20.436,1,1259.0,718.0,1371.0,878.0,,,,
19221,10:20.921,2,1740.0,649.0,1961.0,909.0,356.0,641.0,501.0,823.0
19236,10:21.405,2,1784.0,640.0,2011.0,906.0,421.0,642.0,557.0,818.0
19251,10:21.890,2,1915.0,607.0,2144.0,885.0,542.0,641.0,670.0,824.0
19266,10:22.375,2,1661.0,630.0,1863.0,892.0,261.0,623.0,407.0,809.0
19281,10:22.859,2,1658.0,611.0,1863.0,871.0,243.0,617.0,391.0,802.0
19296,10:23.344,2,1660.0,603.0,1862.0,871.0,257.0,617.0,404.0,798.0
19311,10:23.828,2,1658.0,607.0,1854.0,869.0,269.0,621.0,414.0,801.0
19326,10:24.313,2,756.0,703.0,873.0,867.0,2152.0,575.0,2398.0,873.0
19341,10:24.797,1,1106.0,723.0,1216.0,883.0,,,,
19356,10:25.282,2,269.0,702.0,500.0,1013.0,1846.0,750.0,1991.0,928.0
19371,10:25.766,2,631.0,648.0,826.0,936.0,2283.0,765.0,2447.0,955.0
19386,10:26.251,1,679.0,636.0,880.0,921.0,,,,
19401,10:26.736,1,692.0,638.0,890.0,927.0,,,,
19416,10:27.220,1,670.0,640.0,871.0,932.0,,,,
19431,10:27.705,1,694.0,646.0,889.0,936.0,,,,
19446,10:28.189,1,706.0,658.0,903.0,952.0,,,,
19461,10:28.674,1,678.0,657.0,877.0,956.0,,,,
19476,10:29.158,1,638.0,657.0,843.0,959.0,,,,
19491,10:29.643,1,676.0,585.0,874.0,883.0,,,,
19506,10:30.128,1,1697.0,204.0,1830.0,396.0,,,,
19521,10:30.612,0,,,,,,,,
19536,10:31.097,0,,,,,,,,
19551,10:31.581,1,910.0,602.0,1102.0,895.0,,,,
19566,10:32.066,1,777.0,622.0,976.0,916.0,,,,
19581,10:32.550,1,708.0,694.0,913.0,996.0,,,,
19596,10:33.035,1,677.0,699.0,884.0,1011.0,,,,
19611,10:33.519,1,675.0,670.0,883.0,972.0,,,,
19626,10:34.004,1,673.0,662.0,879.0,969.0,,,,
19641,10:34.489,1,1487.0,829.0,1600.0,990.0,,,,
19656,10:34.973,2,381.0,807.0,603.0,1107.0,1929.0,960.0,2068.0,1134.0
19671,10:35.458,1,802.0,800.0,988.0,1076.0,,,,
19686,10:35.942,1,855.0,683.0,1041.0,962.0,,,,
19701,10:36.427,1,821.0,758.0,1017.0,1045.0,,,,
19716,10:36.911,1,763.0,638.0,964.0,933.0,,,,
19731,10:37.396,1,733.0,638.0,931.0,927.0,,,,
19746,10:37.881,1,1483.0,753.0,1602.0,918.0,,,,
19761,10:38.365,1,1463.0,752.0,1578.0,914.0,,,,
19776,10:38.850,2,1697.0,726.0,1822.0,894.0,-39.0,569.0,233.0,926.0
19791,10:39.334,1,663.0,574.0,868.0,870.0,,,,
19806,10:39.819,1,666.0,593.0,875.0,891.0,,,,
19821,10:40.303,1,701.0,578.0,909.0,869.0,,,,
19836,10:40.788,1,651.0,561.0,863.0,860.0,,,,
19851,10:41.273,2,2144.0,730.0,2420.0,1027.0,728.0,663.0,842.0,825.0
19866,10:41.757,2,1864.0,731.0,2099.0,1002.0,495.0,608.0,619.0,779.0
19881,10:42.242,1,1081.0,686.0,1189.0,842.0,,,,
19896,10:42.726,1,1106.0,716.0,1218.0,879.0,,,,
19911,10:43.211,1,1118.0,712.0,1230.0,872.0,,,,
19926,10:43.695,1,1395.0,680.0,1511.0,842.0,,,,
19941,10:44.180,1,1545.0,677.0,1664.0,836.0,,,,
19956,10:44.664,2,1620.0,693.0,1743.0,858.0,-76.0,423.0,197.0,790.0
19971,10:45.149,2,1677.0,705.0,1802.0,874.0,3.0,435.0,281.0,793.0
19986,10:45.634,2,1698.0,721.0,1825.0,893.0,6.0,439.0,286.0,798.0
20001,10:46.118,2,375.0,485.0,608.0,800.0,2005.0,679.0,2158.0,864.0
20016,10:46.603,2,641.0,527.0,845.0,823.0,2302.0,674.0,2455.0,869.0
20031,10:47.087,1,706.0,449.0,914.0,746.0,,,,
20046,10:47.572,1,695.0,497.0,899.0,795.0,,,,
20061,10:48.056,1,654.0,518.0,860.0,809.0,,,,
20076,10:48.541,2,623.0,521.0,830.0,807.0,2293.0,644.0,2454.0,834.0
20091,10:49.026,2,72.0,438.0,349.0,783.0,1760.0,642.0,1893.0,819.0
20106,10:49.510,1,1480.0,635.0,1600.0,799.0,,,,
20121,10:49.995,1,1039.0,646.0,1155.0,808.0,,,,
20136,10:50.479,2,1808.0,655.0,2056.0,936.0,341.0,560.0,488.0,742.0
20151,10:50.964,2,630.0,598.0,754.0,768.0,2088.0,637.0,2388.0,937.0
20166,10:51.448,1,1080.0,687.0,1191.0,844.0,,,,
20181,10:51.933,0,,,,,,,,
20196,10:52.418,1,1350.0,185.0,1473.0,364.0,,,,
20211,10:52.902,1,1441.0,378.0,1560.0,549.0,,,,
20226,10:53.387,1,1235.0,742.0,1347.0,895.0,,,,
20241,10:53.871,1,1243.0,755.0,1356.0,908.0,,,,
20256,10:54.356,1,1251.0,723.0,1366.0,880.0,,,,
20271,10:54.840,1,1252.0,752.0,1367.0,909.0,,,,
20286,10:55.325,1,1360.0,731.0,1476.0,891.0,,,,
20301,10:55.809,1,686.0,603.0,891.0,886.0,,,,
20316,10:56.294,1,752.0,508.0,950.0,785.0,,,,
20331,10:56.779,1,666.0,498.0,868.0,783.0,,,,
20346,10:57.263,2,621.0,517.0,828.0,802.0,2294.0,669.0,2452.0,860.0
20361,10:57.748,2,584.0,513.0,796.0,802.0,2261.0,661.0,2426.0,846.0
20376,10:58.232,1,1523.0,683.0,1639.0,845.0,,,,
20391,10:58.717,2,86.0,605.0,358.0,928.0,1785.0,717.0,1919.0,890.0
20406,10:59.201,1,710.0,606.0,916.0,884.0,,,,
20421,10:59.686,1,677.0,604.0,888.0,885.0,,,,
20436,11:00.171,1,1277.0,704.0,1388.0,863.0,,,,
20451,11:00.655,1,1271.0,702.0,1384.0,859.0,,,,
20466,11:01.140,1,696.0,606.0,903.0,892.0,,,,
20481,11:01.624,1,742.0,586.0,948.0,865.0,,,,
20496,11:02.109,1,747.0,602.0,951.0,887.0,,,,
20511,11:02.593,2,425.0,594.0,651.0,886.0,2051.0,666.0,2204.0,852.0
20526,11:03.078,1,1227.0,681.0,1338.0,840.0,,,,
20541,11:03.562,1,1208.0,695.0,1320.0,855.0,,,,
20556,11:04.047,1,1210.0,700.0,1323.0,862.0,,,,
20571,11:04.532,1,1221.0,692.0,1337.0,851.0,,,,
20586,11:05.016,1,1218.0,688.0,1334.0,847.0,,,,
20601,11:05.501,1,1230.0,693.0,1343.0,854.0,,,,
20616,11:05.985,1,1236.0,697.0,1353.0,857.0,,,,
20631,11:06.470,1,1248.0,698.0,1364.0,857.0,,,,
20646,11:06.954,1,1249.0,707.0,1365.0,868.0,,,,
20661,11:07.439,1,1252.0,725.0,1368.0,886.0,,,,
20676,11:07.924,1,1266.0,841.0,1381.0,1003.0,,,,
20691,11:08.408,1,1258.0,778.0,1371.0,938.0,,,,
20706,11:08.893,1,1270.0,717.0,1383.0,878.0,,,,
20721,11:09.377,1,1260.0,726.0,1374.0,887.0,,,,
20736,11:09.862,1,1256.0,697.0,1369.0,856.0,,,,
20751,11:10.346,1,1271.0,738.0,1385.0,899.0,,,,
20766,11:10.831,1,1264.0,707.0,1377.0,868.0,,,,
20781,11:11.316,1,1264.0,731.0,1379.0,893.0,,,,
20796,11:11.800,1,1256.0,725.0,1373.0,886.0,,,,
20811,11:12.285,1,1274.0,738.0,1391.0,901.0,,,,
20826,11:12.769,2,622.0,721.0,747.0,891.0,2068.0,630.0,2361.0,934.0
20841,11:13.254,2,1627.0,686.0,1856.0,945.0,171.0,594.0,333.0,783.0
20856,11:13.738,2,1592.0,684.0,1817.0,953.0,160.0,589.0,316.0,775.0
20871,11:14.223,2,1576.0,666.0,1803.0,929.0,144.0,575.0,295.0,761.0
20886,11:14.707,2,1579.0,662.0,1809.0,924.0,144.0,563.0,296.0,752.0
20901,11:15.192,2,1566.0,658.0,1789.0,919.0,124.0,561.0,278.0,751.0
20916,11:15.677,2,1586.0,651.0,1811.0,907.0,142.0,559.0,293.0,744.0
20931,11:16.161,2,1610.0,660.0,1833.0,919.0,178.0,559.0,328.0,749.0
20946,11:16.646,2,1653.0,742.0,1846.0,991.0,292.0,703.0,431.0,877.0
20961,11:17.130,2,1713.0,694.0,1927.0,958.0,335.0,680.0,474.0,859.0
20976,11:17.615,2,1750.0,669.0,1994.0,945.0,329.0,620.0,469.0,802.0
20991,11:18.099,2,1773.0,677.0,2028.0,961.0,341.0,607.0,484.0,788.0
21006,11:18.584,1,904.0,742.0,1017.0,901.0,,,,
21021,11:19.069,1,963.0,730.0,1076.0,887.0,,,,
21036,11:19.553,1,969.0,744.0,1082.0,905.0,,,,
21051,11:20.038,2,731.0,752.0,853.0,917.0,2213.0,696.0,2465.0,1016.0
21066,11:20.522,2,1732.0,762.0,1959.0,1039.0,296.0,707.0,442.0,888.0
21081,11:21.007,2,2007.0,737.0,2286.0,1035.0,568.0,728.0,697.0,896.0
21096,11:21.491,1,968.0,714.0,1080.0,872.0,,,,
21111,11:21.976,2,1898.0,748.0,2168.0,1036.0,489.0,660.0,621.0,833.0
21126,11:22.461,2,1697.0,718.0,1938.0,993.0,277.0,611.0,427.0,797.0
21141,11:22.945,2,1707.0,713.0,1955.0,996.0,288.0,607.0,437.0,793.0
21156,11:23.430,2,1649.0,627.0,1773.0,792.0,-68.0,505.0,197.0,839.0
21171,11:23.914,1,669.0,467.0,867.0,753.0,,,,
21186,11:24.399,1,1388.0,614.0,1503.0,775.0,,,,
21201,11:24.883,1,1378.0,595.0,1492.0,755.0,,,,
21216,11:25.368,1,727.0,520.0,924.0,802.0,,,,
21231,11:25.852,1,655.0,515.0,856.0,798.0,,,,
21246,11:26.337,1,1334.0,664.0,1448.0,821.0,,,,
21261,11:26.822,1,1329.0,670.0,1444.0,827.0,,,,
21276,11:27.306,1,1306.0,670.0,1427.0,840.0,,,,
21291,11:27.791,2,1626.0,634.0,1852.0,908.0,146.0,537.0,310.0,735.0
21306,11:28.275,2,1618.0,638.0,1839.0,910.0,149.0,546.0,312.0,738.0
21321,11:28.760,2,1643.0,638.0,1873.0,915.0,198.0,548.0,360.0,740.0
21336,11:29.244,2,17.0,509.0,287.0,831.0,1655.0,597.0,1770.0,764.0
21351,11:29.729,1,975.0,365.0,1157.0,645.0,,,,
21366,11:30.214,1,922.0,427.0,1105.0,702.0,,,,
21381,11:30.698,1,1232.0,693.0,1341.0,845.0,,,,
21396,11:31.183,1,1253.0,666.0,1366.0,829.0,,,,
21411,11:31.667,2,1614.0,713.0,1831.0,972.0,162.0,643.0,327.0,840.0
21426,11:32.152,2,1614.0,702.0,1811.0,962.0,173.0,649.0,333.0,840.0
21441,11:32.636,2,1757.0,727.0,1982.0,994.0,340.0,711.0,485.0,893.0
21456,11:33.121,1,1135.0,856.0,1250.0,1018.0,,,,
21471,11:33.605,1,1146.0,866.0,1260.0,1025.0,,,,
21486,11:34.090,1,1168.0,832.0,1282.0,994.0,,,,
21501,11:34.575,2,683.0,634.0,891.0,879.0,2250.0,796.0,2413.0,990.0
21516,11:35.059,2,510.0,581.0,738.0,846.0,2044.0,750.0,2207.0,940.0
21531,11:35.544,1,1403.0,714.0,1524.0,883.0,,,,
21546,11:36.028,2,2028.0,695.0,2300.0,969.0,620.0,730.0,749.0,903.0
21561,11:36.513,2,1707.0,641.0,1932.0,900.0,284.0,665.0,435.0,846.0
21576,11:36.997,2,1732.0,653.0,1957.0,905.0,315.0,692.0,461.0,871.0
21591,11:37.482,2,1738.0,645.0,1961.0,903.0,323.0,674.0,468.0,854.0
21606,11:37.967,2,1752.0,657.0,1980.0,910.0,344.0,653.0,490.0,837.0
21621,11:38.451,2,1872.0,674.0,2099.0,937.0,463.0,689.0,600.0,866.0
21636,11:38.936,1,939.0,779.0,1053.0,942.0,,,,
21651,11:39.420,1,946.0,743.0,1063.0,903.0,,,,
21666,11:39.905,1,942.0,747.0,1056.0,907.0,,,,
21681,11:40.389,1,954.0,738.0,1068.0,902.0,,,,
21696,11:40.874,1,929.0,732.0,1042.0,893.0,,,,
21711,11:41.359,2,1774.0,692.0,2024.0,957.0,348.0,637.0,495.0,822.0
21726,11:41.843,2,1777.0,672.0,2030.0,940.0,348.0,621.0,493.0,807.0
21741,11:42.328,1,758.0,497.0,948.0,778.0,,,,
21756,11:42.812,1,879.0,458.0,1062.0,737.0,,,,
21771,11:43.297,1,883.0,464.0,1070.0,743.0,,,,
21786,11:43.781,1,848.0,474.0,1034.0,751.0,,,,
21801,11:44.266,2,621.0,466.0,823.0,755.0,2167.0,575.0,2338.0,771.0
21816,11:44.750,1,1314.0,647.0,1430.0,815.0,,,,
21831,11:45.235,1,1306.0,657.0,1423.0,824.0,,,,
21846,11:45.720,1,838.0,450.0,1027.0,737.0,,,,
21861,11:46.204,2,-14.0,421.0,265.0,771.0,1597.0,709.0,1721.0,879.0
21876,11:46.689,1,1342.0,741.0,1457.0,907.0,,,,
21891,11:47.173,1,1256.0,780.0,1371.0,943.0,,,,
21906,11:47.658,1,1152.0,762.0,1267.0,925.0,,,,
21921,11:48.142,2,1681.0,658.0,1895.0,902.0,269.0,627.0,421.0,817.0
21936,11:48.627,2,1702.0,642.0,1920.0,894.0,299.0,614.0,450.0,802.0
21951,11:49.112,2,1696.0,641.0,1911.0,891.0,311.0,624.0,459.0,813.0
21966,11:49.596,2,1690.0,726.0,1821.0,901.0,114.0,586.0,369.0,908.0
21981,11:50.081,2,658.0,571.0,852.0,853.0,2182.0,722.0,2356.0,916.0
21996,11:50.565,2,654.0,566.0,848.0,849.0,2165.0,725.0,2331.0,917.0
22011,11:51.050,2,682.0,570.0,872.0,848.0,2147.0,722.0,2313.0,917.0
22026,11:51.534,2,678.0,575.0,865.0,859.0,2119.0,733.0,2281.0,934.0
22041,11:52.019,2,677.0,574.0,864.0,857.0,2126.0,731.0,2289.0,932.0
22056,11:52.503,2,680.0,577.0,872.0,860.0,2128.0,730.0,2293.0,932.0
22071,11:52.988,2,685.0,601.0,880.0,881.0,2115.0,757.0,2278.0,957.0
22086,11:53.473,2,684.0,613.0,875.0,891.0,2106.0,761.0,2268.0,962.0
22101,11:53.957,2,660.0,596.0,858.0,881.0,2096.0,761.0,2254.0,959.0
22116,11:54.442,2,631.0,583.0,831.0,880.0,2090.0,761.0,2248.0,958.0
22131,11:54.926,2,620.0,578.0,820.0,867.0,2097.0,759.0,2253.0,955.0
22146,11:55.411,2,622.0,573.0,820.0,862.0,2091.0,758.0,2249.0,953.0
22161,11:55.895,2,660.0,583.0,850.0,864.0,2086.0,765.0,2246.0,962.0
22176,11:56.380,2,662.0,592.0,852.0,871.0,2077.0,779.0,2236.0,974.0
22191,11:56.865,2,671.0,604.0,862.0,887.0,2072.0,777.0,2228.0,972.0
22206,11:57.349,2,696.0,624.0,884.0,906.0,2074.0,781.0,2230.0,975.0
22221,11:57.834,2,370.0,647.0,591.0,941.0,1748.0,771.0,1880.0,953.0
22236,11:58.318,1,1013.0,648.0,1128.0,811.0,,,,
22251,11:58.803,1,1006.0,207.0,1121.0,375.0,,,,
22266,11:59.287,2,127.0,322.0,357.0,599.0,1475.0,263.0,1592.0,428.0
22281,11:59.772,2,31.0,361.0,285.0,637.0,1431.0,255.0,1546.0,423.0
22296,12:00.257,2,1365.0,244.0,1480.0,406.0,-62.0,329.0,189.0,620.0
22311,12:00.741,2,1312.0,219.0,1430.0,389.0,-97.0,338.0,117.0,626.0
22326,12:01.226,1,1232.0,270.0,1350.0,441.0,,,,
22341,12:01.710,2,1684.0,254.0,1884.0,510.0,569.0,709.0,693.0,863.0
22356,12:02.195,2,1520.0,358.0,1698.0,605.0,413.0,819.0,545.0,977.0
22371,12:02.679,2,1605.0,345.0,1790.0,596.0,518.0,822.0,648.0,975.0
22386,12:03.164,2,1779.0,188.0,1998.0,457.0,685.0,723.0,808.0,873.0
22401,12:03.648,2,1941.0,166.0,2179.0,438.0,796.0,607.0,915.0,756.0
22416,12:04.133,1,1089.0,595.0,1193.0,731.0,,,,
22431,12:04.618,1,1191.0,746.0,1289.0,883.0,,,,
22446,12:05.102,2,498.0,661.0,665.0,893.0,1649.0,913.0,1757.0,1065.0
22461,12:05.587,2,-12.0,639.0,207.0,907.0,1291.0,902.0,1389.0,1045.0
22476,12:06.071,2,1917.0,582.0,2114.0,813.0,795.0,724.0,901.0,869.0
22491,12:06.556,1,1099.0,701.0,1198.0,843.0,,,,
22506,12:07.040,2,566.0,515.0,734.0,743.0,1749.0,650.0,1865.0,800.0
22521,12:07.525,2,506.0,496.0,680.0,731.0,1714.0,565.0,1829.0,718.0
22536,12:08.010,2,588.0,510.0,755.0,742.0,1789.0,572.0,1908.0,727.0
22551,12:08.494,2,457.0,540.0,631.0,776.0,1660.0,615.0,1771.0,762.0
22566,12:08.979,2,459.0,505.0,631.0,746.0,1627.0,714.0,1736.0,862.0
22581,12:09.463,2,449.0,518.0,623.0,763.0,1628.0,746.0,1731.0,898.0
22596,12:09.948,2,345.0,601.0,520.0,846.0,1521.0,767.0,1617.0,911.0
22611,12:10.432,2,313.0,667.0,485.0,912.0,1483.0,766.0,1582.0,912.0
22626,12:10.917,2,294.0,694.0,469.0,932.0,1471.0,778.0,1572.0,915.0
22641,12:11.402,2,303.0,670.0,474.0,912.0,1472.0,780.0,1569.0,920.0
22656,12:11.886,2,304.0,656.0,478.0,900.0,1473.0,783.0,1570.0,923.0
22671,12:12.371,2,342.0,676.0,508.0,915.0,1495.0,792.0,1595.0,933.0
22686,12:12.855,2,334.0,670.0,502.0,915.0,1489.0,786.0,1593.0,930.0
22701,12:13.340,2,309.0,661.0,483.0,902.0,1473.0,781.0,1571.0,920.0
22716,12:13.824,2,123.0,658.0,327.0,923.0,1367.0,795.0,1464.0,936.0
22731,12:14.309,2,187.0,637.0,380.0,894.0,1391.0,796.0,1489.0,936.0
22746,12:14.793,2,222.0,686.0,408.0,943.0,1408.0,786.0,1509.0,928.0
22761,12:15.278,2,188.0,708.0,379.0,972.0,1400.0,797.0,1498.0,942.0
22776,12:15.763,2,179.0,683.0,373.0,947.0,1394.0,794.0,1498.0,937.0
22791,12:16.247,2,155.0,683.0,351.0,946.0,1387.0,772.0,1487.0,912.0
22806,12:16.732,2,144.0,668.0,340.0,930.0,1385.0,764.0,1485.0,904.0
22821,12:17.216,2,1383.0,797.0,1484.0,939.0,156.0,693.0,349.0,954.0
22836,12:17.701,2,176.0,714.0,364.0,974.0,1394.0,825.0,1498.0,970.0
22851,12:18.185,2,262.0,722.0,439.0,968.0,1457.0,809.0,1559.0,951.0
22866,12:18.670,2,240.0,742.0,425.0,987.0,1452.0,781.0,1554.0,918.0
22881,12:19.155,2,1461.0,794.0,1562.0,932.0,237.0,729.0,421.0,975.0
22896,12:19.639,1,1192.0,819.0,1288.0,954.0,,,,
22911,12:20.124,2,1597.0,696.0,1766.0,911.0,497.0,803.0,612.0,954.0
22926,12:20.608,2,294.0,759.0,424.0,918.0,1441.0,729.0,1602.0,932.0
22941,12:21.093,2,356.0,746.0,483.0,906.0,1507.0,702.0,1669.0,908.0
22956,12:21.577,2,1546.0,696.0,1731.0,917.0,389.0,748.0,514.0,908.0
22971,12:22.062,2,1559.0,698.0,1738.0,918.0,425.0,762.0,547.0,920.0
22986,12:22.546,2,1601.0,748.0,1774.0,965.0,487.0,841.0,605.0,1001.0
23001,12:23.031,2,1646.0,701.0,1823.0,923.0,528.0,844.0,645.0,1000.0
23016,12:23.516,2,545.0,831.0,660.0,986.0,1631.0,700.0,1784.0,921.0
23031,12:24.000,2,2090.0,742.0,2297.0,994.0,947.0,869.0,1047.0,1011.0
23046,12:24.485,2,2123.0,719.0,2338.0,971.0,972.0,861.0,1072.0,1002.0
23061,12:24.969,2,1013.0,826.0,1110.0,966.0,2171.0,687.0,2390.0,939.0
23076,12:25.454,2,2170.0,691.0,2391.0,944.0,1009.0,829.0,1105.0,965.0
23091,12:25.938,2,1016.0,829.0,1115.0,964.0,2155.0,702.0,2354.0,955.0
23106,12:26.423,2,1014.0,835.0,1114.0,975.0,2158.0,713.0,2355.0,964.0
23121,12:26.908,2,2160.0,726.0,2358.0,970.0,1013.0,840.0,1113.0,977.0
23136,12:27.392,2,1007.0,835.0,1104.0,971.0,2153.0,710.0,2358.0,954.0
23151,12:27.877,2,1009.0,834.0,1110.0,967.0,2168.0,706.0,2378.0,955.0
23166,12:28.361,2,2184.0,690.0,2397.0,941.0,1001.0,816.0,1101.0,949.0
23181,12:28.846,2,993.0,802.0,1095.0,937.0,2158.0,671.0,2356.0,926.0
23196,12:29.330,2,992.0,803.0,1090.0,945.0,2152.0,660.0,2339.0,910.0
23211,12:29.815,2,2146.0,675.0,2339.0,926.0,995.0,819.0,1093.0,956.0
23226,12:30.300,2,999.0,812.0,1095.0,948.0,2158.0,663.0,2346.0,913.0
23241,12:30.784,2,1006.0,797.0,1103.0,934.0,2168.0,650.0,2358.0,902.0
23256,12:31.269,2,1012.0,795.0,1110.0,933.0,2177.0,647.0,2366.0,899.0
23271,12:31.753,2,1021.0,800.0,1117.0,933.0,2179.0,647.0,2367.0,902.0
23286,12:32.238,2,1022.0,801.0,1114.0,933.0,2171.0,650.0,2362.0,901.0
23301,12:32.722,2,1018.0,797.0,1113.0,932.0,2171.0,655.0,2358.0,903.0
23316,12:33.207,2,1016.0,795.0,1111.0,931.0,2163.0,642.0,2356.0,896.0
23331,12:33.691,2,2165.0,656.0,2355.0,908.0,1018.0,796.0,1111.0,929.0
23346,12:34.176,2,1011.0,797.0,1108.0,932.0,2164.0,660.0,2354.0,909.0
23361,12:34.661,2,1007.0,795.0,1104.0,932.0,2164.0,655.0,2355.0,906.0
23376,12:35.145,2,1013.0,794.0,1108.0,929.0,2165.0,655.0,2356.0,906.0
23391,12:35.630,2,1012.0,836.0,1108.0,971.0,2178.0,689.0,2385.0,946.0
23406,12:36.114,2,982.0,835.0,1079.0,970.0,2134.0,676.0,2349.0,931.0
23421,12:36.599,2,2069.0,647.0,2261.0,894.0,944.0,812.0,1041.0,947.0
23436,12:37.083,2,2077.0,653.0,2269.0,899.0,940.0,811.0,1041.0,953.0
23451,12:37.568,2,2104.0,667.0,2300.0,916.0,953.0,818.0,1053.0,959.0
23466,12:38.053,2,994.0,825.0,1094.0,967.0,2189.0,671.0,2399.0,928.0
23481,12:38.537,1,1038.0,829.0,1136.0,971.0,,,,
23496,12:39.022,2,369.0,629.0,557.0,882.0,1566.0,791.0,1672.0,936.0
23511,12:39.506,2,390.0,652.0,579.0,906.0,1602.0,811.0,1708.0,955.0
23526,12:39.991,2,167.0,779.0,379.0,1042.0,1441.0,895.0,1543.0,1035.0
23541,12:40.475,2,53.0,812.0,280.0,1092.0,1370.0,927.0,1470.0,1066.0
23556,12:40.960,2,35.0,782.0,263.0,1052.0,1358.0,893.0,1457.0,1033.0
23571,12:41.444,2,1363.0,893.0,1462.0,1031.0,38.0,788.0,268.0,1061.0
23586,12:41.929,2,103.0,800.0,323.0,1073.0,1399.0,905.0,1502.0,1049.0
23601,12:42.414,2,317.0,740.0,510.0,988.0,1535.0,863.0,1639.0,1003.0
23616,12:42.898,2,372.0,724.0,554.0,970.0,1565.0,845.0,1669.0,989.0
23631,12:43.383,2,385.0,720.0,572.0,967.0,1595.0,844.0,1701.0,988.0
23646,12:43.867,2,360.0,724.0,550.0,969.0,1574.0,835.0,1680.0,978.0
23661,12:44.352,2,348.0,729.0,541.0,973.0,1570.0,821.0,1675.0,963.0
23676,12:44.836,2,333.0,718.0,525.0,967.0,1550.0,813.0,1656.0,955.0
23691,12:45.321,2,330.0,715.0,521.0,966.0,1541.0,818.0,1646.0,963.0
23706,12:45.806,2,315.0,714.0,509.0,966.0,1532.0,819.0,1637.0,965.0
23721,12:46.290,2,305.0,719.0,499.0,971.0,1530.0,826.0,1637.0,976.0
23736,12:46.775,2,323.0,718.0,514.0,966.0,1539.0,828.0,1646.0,974.0
23751,12:47.259,2,1532.0,824.0,1636.0,971.0,343.0,720.0,527.0,964.0
23766,12:47.744,2,346.0,705.0,532.0,949.0,1535.0,814.0,1640.0,959.0
23781,12:48.228,2,364.0,714.0,542.0,953.0,1524.0,824.0,1629.0,974.0
23796,12:48.713,2,265.0,731.0,447.0,976.0,1446.0,835.0,1545.0,977.0
23811,12:49.198,1,1179.0,762.0,1277.0,906.0,,,,
23826,12:49.682,2,1269.0,784.0,1374.0,934.0,-26.0,298.0,181.0,604.0
23841,12:50.167,2,314.0,436.0,510.0,722.0,1516.0,959.0,1629.0,1118.0
23856,12:50.651,1,1330.0,768.0,1444.0,930.0,,,,
23871,12:51.136,1,1243.0,879.0,1355.0,1037.0,,,,
23886,12:51.620,2,88.0,334.0,358.0,664.0,1419.0,1005.0,1538.0,1170.0
23901,12:52.105,2,256.0,247.0,509.0,571.0,1571.0,896.0,1695.0,1070.0
23916,12:52.589,2,1692.0,703.0,1888.0,958.0,344.0,642.0,487.0,816.0
23931,12:53.074,2,1569.0,578.0,1788.0,842.0,136.0,568.0,297.0,751.0
23946,12:53.559,1,1000.0,672.0,1117.0,835.0,,,,
23961,12:54.043,2,556.0,570.0,769.0,849.0,2090.0,607.0,2253.0,795.0
23976,12:54.528,1,794.0,513.0,1000.0,788.0,,,,
23991,12:55.012,2,535.0,502.0,768.0,798.0,2137.0,496.0,2313.0,704.0
24006,12:55.497,1,1311.0,587.0,1434.0,766.0,,,,
24021,12:55.981,2,1978.0,676.0,2290.0,983.0,470.0,507.0,615.0,697.0
24036,12:56.466,2,1716.0,601.0,1992.0,890.0,156.0,362.0,330.0,574.0
24051,12:56.951,2,200.0,360.0,373.0,574.0,1759.0,609.0,2049.0,899.0
24066,12:57.435,2,547.0,508.0,778.0,809.0,2175.0,508.0,2356.0,720.0
24081,12:57.920,1,662.0,539.0,881.0,830.0,,,,
24096,12:58.404,2,653.0,557.0,871.0,848.0,2285.0,556.0,2458.0,765.0
24111,12:58.889,2,630.0,553.0,850.0,844.0,2259.0,557.0,2431.0,755.0
24126,12:59.373,2,609.0,538.0,829.0,846.0,2229.0,541.0,2409.0,746.0
24141,12:59.858,2,648.0,532.0,853.0,836.0,2207.0,518.0,2393.0,727.0
24156,13:00.343,2,680.0,524.0,879.0,814.0,2180.0,517.0,2362.0,725.0
24171,13:00.827,2,494.0,516.0,710.0,822.0,2016.0,552.0,2179.0,753.0
24186,13:01.312,1,1284.0,625.0,1410.0,806.0,,,,
24201,13:01.796,1,1332.0,616.0,1457.0,797.0,,,,
24216,13:02.281,1,1354.0,622.0,1475.0,802.0,,,,
24231,13:02.765,1,1347.0,615.0,1467.0,790.0,,,,
24246,13:03.250,1,1385.0,616.0,1512.0,793.0,,,,
24261,13:03.734,2,436.0,505.0,650.0,809.0,1951.0,554.0,2107.0,749.0
24276,13:04.219,1,1524.0,595.0,1647.0,769.0,,,,
24291,13:04.704,1,1463.0,586.0,1588.0,760.0,,,,
24306,13:05.188,1,1456.0,567.0,1584.0,748.0,,,,
24321,13:05.673,1,1459.0,559.0,1584.0,742.0,,,,
24336,13:06.157,2,2036.0,604.0,2321.0,895.0,552.0,515.0,692.0,706.0
24351,13:06.642,2,1666.0,597.0,1894.0,872.0,164.0,364.0,338.0,582.0
24366,13:07.126,2,1724.0,604.0,1969.0,884.0,240.0,408.0,404.0,617.0
24381,13:07.611,2,311.0,493.0,464.0,691.0,1757.0,626.0,1986.0,889.0
24396,13:08.096,2,1799.0,611.0,2021.0,876.0,335.0,497.0,487.0,694.0
24411,13:08.580,2,1828.0,598.0,2049.0,862.0,363.0,490.0,513.0,684.0
24426,13:09.065,2,1812.0,594.0,2034.0,856.0,352.0,475.0,499.0,670.0
24441,13:09.549,2,1814.0,587.0,2045.0,837.0,348.0,477.0,495.0,670.0
24456,13:10.034,2,1824.0,617.0,2066.0,885.0,348.0,474.0,498.0,669.0
24471,13:10.518,2,1800.0,621.0,2026.0,899.0,322.0,492.0,480.0,687.0
24486,13:11.003,2,1802.0,647.0,2045.0,936.0,323.0,499.0,479.0,697.0
24501,13:11.487,2,1825.0,655.0,2074.0,944.0,334.0,495.0,492.0,693.0
24516,13:11.972,2,1874.0,660.0,2123.0,952.0,398.0,512.0,549.0,709.0
24531,13:12.457,1,923.0,613.0,1045.0,785.0,,,,
24546,13:12.941,1,913.0,599.0,1035.0,775.0,,,,
24561,13:13.426,1,903.0,597.0,1027.0,774.0,,,,
24576,13:13.910,1,879.0,590.0,1004.0,764.0,,,,
24591,13:14.395,1,936.0,468.0,1060.0,646.0,,,,
24606,13:14.879,0,,,,,,,,
24621,13:15.364,0,,,,,,,,
24636,13:15.849,0,,,,,,,,
24651,13:16.333,0,,,,,,,,
24666,13:16.818,1,36.0,25.0,331.0,352.0,,,,
24681,13:17.302,1,796.0,380.0,928.0,570.0,,,,
24696,13:17.787,2,1759.0,572.0,2026.0,854.0,291.0,283.0,454.0,492.0
24711,13:18.271,2,1812.0,539.0,2094.0,822.0,316.0,205.0,479.0,414.0
24726,13:18.756,2,1866.0,524.0,2166.0,814.0,367.0,193.0,528.0,395.0
24741,13:19.241,1,963.0,407.0,1091.0,590.0,,,,
24756,13:19.725,1,1080.0,412.0,1206.0,592.0,,,,
24771,13:20.210,1,1080.0,415.0,1208.0,593.0,,,,
24786,13:20.694,2,1946.0,599.0,2240.0,895.0,446.0,362.0,597.0,558.0
24801,13:21.179,2,1951.0,574.0,2246.0,875.0,448.0,423.0,595.0,614.0
24816,13:21.663,1,1113.0,481.0,1233.0,652.0,,,,
24831,13:22.148,2,664.0,406.0,869.0,714.0,2277.0,346.0,2459.0,555.0
24846,13:22.632,1,827.0,379.0,1026.0,687.0,,,,
24861,13:23.117,2,2025.0,618.0,2324.0,915.0,540.0,439.0,681.0,627.0
24876,13:23.602,2,1675.0,531.0,1928.0,805.0,134.0,209.0,313.0,427.0
24891,13:24.086,2,1708.0,542.0,1969.0,813.0,183.0,232.0,358.0,447.0
24906,13:24.571,2,119.0,243.0,299.0,460.0,1634.0,514.0,1861.0,786.0
24921,13:25.055,2,1817.0,542.0,2056.0,822.0,358.0,371.0,511.0,571.0
24936,13:25.540,1,1108.0,528.0,1220.0,694.0,,,,
24951,13:26.024,1,1032.0,510.0,1153.0,688.0,,,,
24966,13:26.509,1,1035.0,508.0,1159.0,686.0,,,,
24981,13:26.994,2,407.0,462.0,622.0,761.0,1872.0,501.0,2020.0,693.0
24996,13:27.478,1,782.0,419.0,978.0,713.0,,,,
25011,13:27.963,1,716.0,404.0,929.0,715.0,,,,
25026,13:28.447,2,682.0,415.0,900.0,720.0,2291.0,447.0,2462.0,663.0
25041,13:28.932,2,673.0,401.0,895.0,711.0,2288.0,435.0,2461.0,644.0
25056,13:29.416,1,726.0,386.0,951.0,706.0,,,,
25071,13:29.901,1,742.0,383.0,959.0,693.0,,,,
25086,13:30.386,1,735.0,416.0,948.0,732.0,,,,
25101,13:30.870,1,753.0,399.0,969.0,710.0,,,,
25116,13:31.355,2,658.0,397.0,878.0,710.0,2240.0,393.0,2424.0,613.0
25131,13:31.839,2,545.0,406.0,767.0,718.0,2103.0,433.0,2277.0,645.0
25146,13:32.324,2,1647.0,541.0,1782.0,724.0,4.0,378.0,293.0,727.0
25161,13:32.808,2,489.0,529.0,712.0,829.0,2020.0,557.0,2186.0,751.0
25176,13:33.293,2,577.0,495.0,797.0,796.0,2147.0,534.0,2326.0,737.0
25191,13:33.777,2,552.0,470.0,778.0,772.0,2125.0,516.0,2302.0,719.0
25206,13:34.262,2,2216.0,403.0,2491.0,723.0,657.0,540.0,793.0,723.0
25221,13:34.747,2,2202.0,404.0,2470.0,725.0,622.0,551.0,759.0,734.0
25236,13:35.231,2,678.0,554.0,812.0,737.0,2251.0,389.0,2508.0,719.0
25251,13:35.716,2,550.0,555.0,691.0,739.0,2060.0,486.0,2319.0,782.0
25266,13:36.200,2,1772.0,539.0,2017.0,818.0,259.0,452.0,422.0,649.0
25281,13:36.685,2,1829.0,529.0,2089.0,825.0,286.0,453.0,448.0,649.0
25296,13:37.169,2,1868.0,526.0,2143.0,826.0,336.0,463.0,493.0,656.0
25311,13:37.654,2,2010.0,556.0,2304.0,858.0,488.0,527.0,630.0,717.0
25326,13:38.139,1,977.0,798.0,1095.0,965.0,,,,
25341,13:38.623,2,356.0,521.0,591.0,831.0,1877.0,635.0,2023.0,818.0
25356,13:39.108,2,684.0,546.0,884.0,833.0,2205.0,619.0,2389.0,813.0
25371,13:39.592,2,588.0,471.0,803.0,771.0,2127.0,523.0,2301.0,722.0
25386,13:40.077,2,452.0,477.0,675.0,785.0,1963.0,584.0,2121.0,774.0
25401,13:40.561,0,,,,,,,,
25416,13:41.046,0,,,,,,,,
25431,13:41.530,0,,,,,,,,
25446,13:42.015,0,,,,,,,,
25461,13:42.500,0,,,,,,,,
25476,13:42.984,0,,,,,,,,
25491,13:43.469,1,579.0,273.0,834.0,585.0,,,,
25506,13:43.953,1,683.0,386.0,911.0,683.0,,,,
25521,13:44.438,1,691.0,261.0,918.0,550.0,,,,
25536,13:44.922,2,769.0,405.0,968.0,683.0,2273.0,149.0,2441.0,352.0
25551,13:45.407,1,626.0,256.0,864.0,564.0,,,,
25566,13:45.892,1,653.0,387.0,890.0,685.0,,,,
25581,13:46.376,1,742.0,456.0,966.0,738.0,,,,
25596,13:46.861,1,733.0,430.0,963.0,709.0,,,,
25611,13:47.345,1,738.0,424.0,970.0,709.0,,,,
25626,13:47.830,1,749.0,397.0,982.0,684.0,,,,
25641,13:48.314,1,761.0,315.0,991.0,608.0,,,,
25656,13:48.799,1,761.0,313.0,992.0,601.0,,,,
25671,13:49.284,1,768.0,335.0,992.0,627.0,,,,
25686,13:49.768,1,773.0,331.0,1001.0,622.0,,,,
25701,13:50.253,1,748.0,343.0,978.0,635.0,,,,
25716,13:50.737,1,692.0,318.0,921.0,613.0,,,,
25731,13:51.222,2,558.0,544.0,785.0,825.0,2088.0,408.0,2259.0,619.0
25746,13:51.706,2,2059.0,229.0,2237.0,450.0,484.0,363.0,729.0,664.0
25761,13:52.191,2,474.0,507.0,708.0,792.0,1990.0,378.0,2151.0,583.0
25776,13:52.675,2,314.0,456.0,558.0,751.0,1827.0,331.0,1976.0,526.0
25791,13:53.160,1,1215.0,379.0,1339.0,561.0,,,,
25806,13:53.645,1,828.0,389.0,954.0,573.0,,,,
25821,13:54.129,1,907.0,535.0,1033.0,713.0,,,,
25836,13:54.614,1,1412.0,640.0,1546.0,810.0,,,,
25851,13:55.098,1,1440.0,628.0,1572.0,791.0,,,,
25866,13:55.583,1,1477.0,466.0,1614.0,635.0,,,,
25881,13:56.067,1,1495.0,362.0,1633.0,538.0,,,,
25896,13:56.552,1,1497.0,336.0,1635.0,516.0,,,,
25911,13:57.037,1,1145.0,152.0,1272.0,304.0,,,,
25926,13:57.521,0,,,,,,,,
25941,13:58.006,2,2127.0,124.0,2407.0,380.0,613.0,219.0,757.0,413.0
25956,13:58.490,1,721.0,229.0,858.0,428.0,,,,
25971,13:58.975,1,731.0,237.0,866.0,429.0,,,,
25986,13:59.459,1,732.0,235.0,868.0,427.0,,,,
26001,13:59.944,1,741.0,235.0,878.0,431.0,,,,
26016,14:00.428,1,848.0,299.0,979.0,487.0,,,,
26031,14:00.913,1,1000.0,354.0,1127.0,538.0,,,,
26046,14:01.398,1,1020.0,387.0,1145.0,572.0,,,,
26061,14:01.882,2,1659.0,569.0,1790.0,754.0,-102.0,324.0,127.0,664.0
26076,14:02.367,1,650.0,294.0,855.0,602.0,,,,
26091,14:02.851,1,693.0,301.0,899.0,596.0,,,,
26106,14:03.336,1,729.0,368.0,931.0,658.0,,,,
26121,14:03.820,2,199.0,335.0,460.0,661.0,1967.0,562.0,2122.0,763.0
26136,14:04.305,1,1073.0,595.0,1192.0,772.0,,,,
26151,14:04.790,2,1601.0,588.0,1823.0,852.0,164.0,392.0,332.0,604.0
26166,14:05.274,2,1586.0,574.0,1815.0,843.0,149.0,433.0,318.0,639.0
26181,14:05.759,1,1228.0,573.0,1346.0,749.0,,,,
26196,14:06.243,1,745.0,521.0,942.0,801.0,,,,
26211,14:06.728,1,647.0,547.0,850.0,840.0,,,,
26226,14:07.212,1,651.0,545.0,857.0,834.0,,,,
26241,14:07.697,1,677.0,514.0,882.0,796.0,,,,
26256,14:08.182,1,710.0,371.0,917.0,656.0,,,,
26271,14:08.666,1,688.0,381.0,899.0,667.0,,,,
26286,14:09.151,1,682.0,411.0,891.0,696.0,,,,
26301,14:09.635,1,614.0,594.0,823.0,876.0,,,,
26316,14:10.120,1,617.0,564.0,819.0,837.0,,,,
26331,14:10.604,1,617.0,538.0,815.0,810.0,,,,
26346,14:11.089,2,569.0,525.0,778.0,806.0,2281.0,503.0,2447.0,708.0
26361,14:11.573,2,539.0,511.0,749.0,805.0,2256.0,492.0,2431.0,704.0
26376,14:12.058,1,1555.0,566.0,1683.0,754.0,,,,
26391,14:12.543,1,1527.0,546.0,1652.0,724.0,,,,
26406,14:13.027,2,360.0,505.0,582.0,801.0,2019.0,522.0,2184.0,726.0
26421,14:13.512,2,537.0,515.0,745.0,806.0,2219.0,498.0,2402.0,706.0
26436,14:13.996,2,506.0,508.0,722.0,801.0,2235.0,485.0,2411.0,689.0
26451,14:14.481,2,512.0,506.0,725.0,801.0,2241.0,481.0,2422.0,689.0
26466,14:14.965,1,1521.0,602.0,1646.0,779.0,,,,
26481,14:15.450,1,1388.0,559.0,1502.0,723.0,,,,
26496,14:15.935,1,1365.0,542.0,1475.0,703.0,,,,
26511,14:16.419,1,1400.0,548.0,1511.0,707.0,,,,
26526,14:16.904,1,1300.0,528.0,1407.0,685.0,,,,
26541,14:17.388,2,1676.0,495.0,1800.0,663.0,-101.0,400.0,167.0,735.0
26556,14:17.873,1,662.0,479.0,859.0,748.0,,,,
26571,14:18.357,1,614.0,474.0,831.0,758.0,,,,
26586,14:18.842,1,594.0,483.0,809.0,771.0,,,,
26601,14:19.327,1,1592.0,490.0,1708.0,652.0,,,,
26616,14:19.811,2,1747.0,507.0,1968.0,772.0,414.0,485.0,547.0,655.0
26631,14:20.296,2,1738.0,470.0,1953.0,732.0,417.0,479.0,549.0,646.0
26646,14:20.780,2,1758.0,451.0,2007.0,727.0,412.0,466.0,543.0,632.0
26661,14:21.265,2,1794.0,468.0,2043.0,755.0,444.0,516.0,571.0,677.0
26676,14:21.749,2,1794.0,484.0,2028.0,750.0,427.0,534.0,559.0,696.0
26691,14:22.234,2,1827.0,489.0,2044.0,760.0,487.0,549.0,612.0,707.0
26706,14:22.718,1,936.0,573.0,1044.0,721.0,,,,
26721,14:23.203,1,1154.0,648.0,1262.0,797.0,,,,
26736,14:23.688,2,425.0,669.0,637.0,966.0,2072.0,865.0,2217.0,1041.0
26751,14:24.172,2,567.0,262.0,778.0,580.0,2301.0,584.0,2454.0,778.0
26766,14:24.657,2,525.0,226.0,743.0,539.0,2299.0,525.0,2450.0,714.0
26781,14:25.141,2,483.0,327.0,698.0,628.0,2245.0,570.0,2401.0,751.0
26796,14:25.626,2,473.0,319.0,688.0,622.0,2230.0,568.0,2394.0,750.0
26811,14:26.110,2,1849.0,607.0,1980.0,774.0,77.0,299.0,346.0,629.0
26826,14:26.595,1,1394.0,598.0,1502.0,746.0,,,,
26841,14:27.080,1,1459.0,603.0,1569.0,754.0,,,,
26856,14:27.564,2,383.0,532.0,603.0,822.0,2110.0,585.0,2264.0,763.0
26871,14:28.049,1,1178.0,616.0,1284.0,767.0,,,,
26886,14:28.533,2,1853.0,488.0,2101.0,778.0,548.0,605.0,672.0,764.0
26901,14:29.018,2,1816.0,488.0,2056.0,774.0,503.0,586.0,630.0,748.0
26916,14:29.502,2,1801.0,501.0,2034.0,782.0,492.0,583.0,618.0,744.0
26931,14:29.987,2,493.0,612.0,707.0,898.0,2218.0,519.0,2388.0,707.0
26946,14:30.471,1,606.0,554.0,808.0,839.0,,,,
26961,14:30.956,1,586.0,540.0,788.0,832.0,,,,
26976,14:31.441,1,1629.0,586.0,1740.0,734.0,,,,
26991,14:31.925,1,1097.0,668.0,1196.0,807.0,,,,
27006,14:32.410,2,1609.0,611.0,1810.0,866.0,419.0,672.0,542.0,824.0
27021,14:32.894,2,1676.0,473.0,1906.0,751.0,455.0,640.0,576.0,789.0
27036,14:33.379,1,1017.0,699.0,1112.0,834.0,,,,
27051,14:33.863,2,457.0,518.0,670.0,803.0,2208.0,532.0,2353.0,693.0
27066,14:34.348,1,728.0,482.0,918.0,758.0,,,,
27081,14:34.833,1,665.0,497.0,860.0,778.0,,,,
27096,14:35.317,1,652.0,549.0,849.0,838.0,,,,
27111,14:35.802,2,2026.0,557.0,2309.0,847.0,775.0,673.0,875.0,809.0
27126,14:36.286,2,1569.0,527.0,1786.0,793.0,297.0,547.0,425.0,701.0
27141,14:36.771,2,1554.0,518.0,1771.0,786.0,279.0,531.0,407.0,686.0
27156,14:37.255,2,1713.0,534.0,1943.0,804.0,468.0,553.0,583.0,703.0
27171,14:37.740,1,1131.0,561.0,1225.0,694.0,,,,
27186,14:38.225,1,768.0,545.0,957.0,820.0,,,,
27201,14:38.709,1,771.0,506.0,960.0,782.0,,,,
27216,14:39.194,1,647.0,465.0,839.0,757.0,,,,
27231,14:39.678,2,488.0,405.0,697.0,721.0,2224.0,528.0,2367.0,690.0
27246,14:40.163,2,2071.0,542.0,2199.0,699.0,426.0,385.0,645.0,713.0
27261,14:40.647,2,430.0,390.0,653.0,706.0,2047.0,540.0,2174.0,697.0
27276,14:41.132,2,433.0,384.0,651.0,693.0,2039.0,534.0,2166.0,690.0
27291,14:41.616,2,428.0,376.0,647.0,682.0,2041.0,529.0,2166.0,685.0
27306,14:42.101,2,358.0,350.0,582.0,664.0,1968.0,511.0,2090.0,663.0
27321,14:42.586,0,,,,,,,,
27336,14:43.070,0,,,,,,,,
27351,14:43.555,0,,,,,,,,
27366,14:44.039,0,,,,,,,,
27381,14:44.524,0,,,,,,,,
27396,14:45.008,0,,,,,,,,
27411,14:45.493,1,1239.0,627.0,1335.0,760.0,,,,
27426,14:45.978,1,1195.0,583.0,1294.0,721.0,,,,
27441,14:46.462,2,591.0,696.0,789.0,973.0,2186.0,510.0,2335.0,669.0
27456,14:46.947,1,760.0,631.0,947.0,903.0,,,,
27471,14:47.431,1,765.0,598.0,951.0,871.0,,,,
27486,14:47.916,1,1484.0,553.0,1583.0,690.0,,,,
27501,14:48.400,1,1275.0,314.0,1380.0,461.0,,,,
27516,14:48.885,1,1285.0,334.0,1386.0,480.0,,,,
27531,14:49.370,1,1289.0,352.0,1392.0,497.0,,,,
27546,14:49.854,2,781.0,317.0,886.0,467.0,2059.0,402.0,2339.0,723.0
27561,14:50.339,2,1756.0,456.0,1989.0,740.0,518.0,257.0,636.0,418.0
27576,14:50.823,2,1766.0,463.0,1996.0,746.0,525.0,271.0,643.0,432.0
27591,14:51.308,2,1782.0,475.0,2015.0,759.0,548.0,290.0,664.0,448.0
27606,14:51.792,2,1898.0,485.0,2150.0,778.0,656.0,334.0,765.0,487.0
27621,14:52.277,2,678.0,334.0,786.0,491.0,1900.0,482.0,2128.0,764.0
27636,14:52.761,2,1901.0,502.0,2111.0,773.0,700.0,354.0,810.0,509.0
27651,14:53.246,2,1980.0,494.0,2201.0,774.0,766.0,347.0,874.0,499.0
27666,14:53.731,2,782.0,341.0,888.0,497.0,2004.0,490.0,2225.0,774.0
27681,14:54.215,2,2015.0,483.0,2243.0,769.0,782.0,337.0,888.0,489.0
27696,14:54.700,2,771.0,316.0,877.0,470.0,2009.0,479.0,2236.0,766.0
27711,14:55.184,1,2158.0,115.0,2397.0,325.0,,,,
27726,14:55.669,0,,,,,,,,
27741,14:56.153,0,,,,,,,,
27756,14:56.638,0,,,,,,,,
27771,14:57.123,0,,,,,,,,
27786,14:57.607,0,,,,,,,,
27801,14:58.092,1,964.0,192.0,1068.0,345.0,,,,
27816,14:58.576,1,1186.0,570.0,1280.0,702.0,,,,
27831,14:59.061,1,1316.0,589.0,1411.0,722.0,,,,
27846,14:59.545,1,779.0,696.0,964.0,953.0,,,,
27861,15:00.030,1,749.0,638.0,936.0,903.0,,,,
27876,15:00.514,1,713.0,594.0,903.0,863.0,,,,
27891,15:00.999,1,1490.0,549.0,1589.0,685.0,,,,
27906,15:01.484,1,1372.0,525.0,1470.0,662.0,,,,
27921,15:01.968,1,1418.0,508.0,1518.0,644.0,,,,
27936,15:02.453,1,1501.0,500.0,1607.0,639.0,,,,
27951,15:02.937,1,1489.0,494.0,1590.0,638.0,,,,
27966,15:03.422,1,1458.0,495.0,1559.0,638.0,,,,
27981,15:03.906,1,1384.0,487.0,1483.0,624.0,,,,
27996,15:04.391,2,861.0,340.0,964.0,491.0,2180.0,230.0,2423.0,577.0
28011,15:04.876,2,1667.0,550.0,1842.0,837.0,506.0,533.0,619.0,681.0
28026,15:05.360,2,2106.0,743.0,2339.0,1049.0,948.0,770.0,1043.0,903.0
28041,15:05.845,1,1088.0,755.0,1179.0,887.0,,,,
28056,15:06.329,1,1139.0,731.0,1234.0,867.0,,,,
28071,15:06.814,2,1029.0,664.0,1122.0,797.0,2229.0,690.0,2439.0,967.0
28086,15:07.298,2,536.0,489.0,647.0,639.0,1643.0,556.0,1821.0,810.0
28101,15:07.783,2,1793.0,239.0,2009.0,519.0,617.0,244.0,729.0,404.0
28116,15:08.268,2,2072.0,328.0,2351.0,630.0,882.0,427.0,983.0,569.0
28131,15:08.752,1,1229.0,553.0,1324.0,687.0,,,,
28146,15:09.237,1,885.0,491.0,1063.0,757.0,,,,
28161,15:09.721,1,745.0,357.0,933.0,644.0,,,,
28176,15:10.206,1,1334.0,1073.0,1394.0,1138.0,,,,
28191,15:10.690,1,1321.0,1031.0,1385.0,1102.0,,,,
28206,15:11.175,0,,,,,,,,
28221,15:11.659,0,,,,,,,,
28236,15:12.144,0,,,,,,,,
28251,15:12.629,0,,,,,,,,
28266,15:13.113,0,,,,,,,,
28281,15:13.598,0,,,,,,,,
28296,15:14.082,0,,,,,,,,
28311,15:14.567,0,,,,,,,,
28326,15:15.051,0,,,,,,,,
28341,15:15.536,0,,,,,,,,
28356,15:16.021,0,,,,,,,,
28371,15:16.505,0,,,,,,,,
28386,15:16.990,0,,,,,,,,
28401,15:17.474,0,,,,,,,,
28416,15:17.959,0,,,,,,,,
28431,15:18.443,0,,,,,,,,
28446,15:18.928,0,,,,,,,,
28461,15:19.412,0,,,,,,,,
28476,15:19.897,0,,,,,,,,
28491,15:20.382,0,,,,,,,,
28506,15:20.866,0,,,,,,,,
28521,15:21.351,0,,,,,,,,
28536,15:21.835,0,,,,,,,,
28551,15:22.320,0,,,,,,,,
28566,15:22.804,0,,,,,,,,
28581,15:23.289,0,,,,,,,,
28596,15:23.774,0,,,,,,,,
28611,15:24.258,0,,,,,,,,
28626,15:24.743,0,,,,,,,,
28641,15:25.227,0,,,,,,,,
28656,15:25.712,0,,,,,,,,
28671,15:26.196,0,,,,,,,,
28686,15:26.681,0,,,,,,,,
28701,15:27.166,0,,,,,,,,
28716,15:27.650,0,,,,,,,,
28731,15:28.135,0,,,,,,,,
28746,15:28.619,0,,,,,,,,
28761,15:29.104,0,,,,,,,,
28776,15:29.588,0,,,,,,,,
28791,15:30.073,0,,,,,,,,
28806,15:30.557,0,,,,,,,,
28821,15:31.042,0,,,,,,,,
28836,15:31.527,0,,,,,,,,
28851,15:32.011,0,,,,,,,,
28866,15:32.496,0,,,,,,,,
28881,15:32.980,0,,,,,,,,
28896,15:33.465,0,,,,,,,,
28911,15:33.949,0,,,,,,,,
28926,15:34.434,0,,,,,,,,
28941,15:34.919,0,,,,,,,,
28956,15:35.403,0,,,,,,,,
28971,15:35.888,0,,,,,,,,
28986,15:36.372,0,,,,,,,,
29001,15:36.857,0,,,,,,,,
29016,15:37.341,0,,,,,,,,
29031,15:37.826,0,,,,,,,,
29046,15:38.311,0,,,,,,,,
29061,15:38.795,0,,,,,,,,
29076,15:39.280,0,,,,,,,,
29091,15:39.764,0,,,,,,,,
29106,15:40.249,0,,,,,,,,
29121,15:40.733,0,,,,,,,,
29136,15:41.218,0,,,,,,,,
29151,15:41.702,0,,,,,,,,
29166,15:42.187,0,,,,,,,,
29181,15:42.672,0,,,,,,,,
29196,15:43.156,0,,,,,,,,
29211,15:43.641,0,,,,,,,,
29226,15:44.125,1,1354.0,287.0,1455.0,436.0,,,,
29241,15:44.610,1,1414.0,440.0,1512.0,582.0,,,,
29256,15:45.094,0,,,,,,,,
29271,15:45.579,0,,,,,,,,
29286,15:46.064,0,,,,,,,,
29301,15:46.548,1,1244.0,355.0,1345.0,498.0,,,,
29316,15:47.033,1,1250.0,282.0,1358.0,437.0,,,,
29331,15:47.517,0,,,,,,,,
29346,15:48.002,0,,,,,,,,
29361,15:48.486,0,,,,,,,,
29376,15:48.971,0,,,,,,,,
29391,15:49.455,0,,,,,,,,
29406,15:49.940,0,,,,,,,,
29421,15:50.425,0,,,,,,,,
29436,15:50.909,0,,,,,,,,
29451,15:51.394,0,,,,,,,,
29466,15:51.878,0,,,,,,,,
29481,15:52.363,0,,,,,,,,
29496,15:52.847,0,,,,,,,,
29511,15:53.332,0,,,,,,,,
29526,15:53.817,0,,,,,,,,
29541,15:54.301,0,,,,,,,,
29556,15:54.786,0,,,,,,,,
29571,15:55.270,0,,,,,,,,
29586,15:55.755,0,,,,,,,,
29601,15:56.239,0,,,,,,,,
29616,15:56.724,0,,,,,,,,
29631,15:57.209,0,,,,,,,,
29646,15:57.693,0,,,,,,,,
29661,15:58.178,0,,,,,,,,
29676,15:58.662,0,,,,,,,,
29691,15:59.147,0,,,,,,,,
29706,15:59.631,0,,,,,,,,
29721,16:00.116,0,,,,,,,,
29736,16:00.600,0,,,,,,,,
29751,16:01.085,0,,,,,,,,
29766,16:01.570,0,,,,,,,,
29781,16:02.054,0,,,,,,,,
29796,16:02.539,0,,,,,,,,
29811,16:03.023,0,,,,,,,,
29826,16:03.508,0,,,,,,,,
29841,16:03.992,0,,,,,,,,
29856,16:04.477,0,,,,,,,,
29871,16:04.962,0,,,,,,,,
29886,16:05.446,0,,,,,,,,
29901,16:05.931,0,,,,,,,,
29916,16:06.415,0,,,,,,,,
29931,16:06.900,0,,,,,,,,
29946,16:07.384,0,,,,,,,,
29961,16:07.869,0,,,,,,,,
29976,16:08.353,0,,,,,,,,
29991,16:08.838,0,,,,,,,,
30006,16:09.323,1,783.0,372.0,976.0,669.0,,,,
30021,16:09.807,1,719.0,329.0,915.0,631.0,,,,
30036,16:10.292,0,,,,,,,,
30051,16:10.776,0,,,,,,,,
30066,16:11.261,0,,,,,,,,
30081,16:11.745,0,,,,,,,,
30096,16:12.230,0,,,,,,,,
30111,16:12.715,0,,,,,,,,
30126,16:13.199,0,,,,,,,,
30141,16:13.684,0,,,,,,,,
30156,16:14.168,0,,,,,,,,
30171,16:14.653,0,,,,,,,,
30186,16:15.137,0,,,,,,,,
30201,16:15.622,0,,,,,,,,
30216,16:16.107,0,,,,,,,,
30231,16:16.591,0,,,,,,,,
30246,16:17.076,0,,,,,,,,
30261,16:17.560,0,,,,,,,,
30276,16:18.045,0,,,,,,,,
30291,16:18.529,0,,,,,,,,
30306,16:19.014,0,,,,,,,,
30321,16:19.498,0,,,,,,,,
30336,16:19.983,0,,,,,,,,
30351,16:20.468,0,,,,,,,,
30366,16:20.952,0,,,,,,,,
30381,16:21.437,0,,,,,,,,
30396,16:21.921,0,,,,,,,,
30411,16:22.406,0,,,,,,,,
30426,16:22.890,0,,,,,,,,
30441,16:23.375,0,,,,,,,,
30456,16:23.860,0,,,,,,,,
30471,16:24.344,0,,,,,,,,
30486,16:24.829,0,,,,,,,,
30501,16:25.313,0,,,,,,,,
30516,16:25.798,0,,,,,,,,
30531,16:26.282,0,,,,,,,,
30546,16:26.767,0,,,,,,,,
30561,16:27.252,0,,,,,,,,
30576,16:27.736,0,,,,,,,,
30591,16:28.221,0,,,,,,,,
30606,16:28.705,0,,,,,,,,
30621,16:29.190,0,,,,,,,,
30636,16:29.674,2,130.0,427.0,374.0,754.0,1844.0,319.0,1965.0,481.0
30651,16:30.159,0,,,,,,,,
30666,16:30.643,0,,,,,,,,
30681,16:31.128,0,,,,,,,,
30696,16:31.613,0,,,,,,,,
30711,16:32.097,0,,,,,,,,
30726,16:32.582,0,,,,,,,,
30741,16:33.066,0,,,,,,,,
30756,16:33.551,0,,,,,,,,
30771,16:34.035,0,,,,,,,,
30786,16:34.520,1,508.0,183.0,732.0,517.0,,,,
30801,16:35.005,0,,,,,,,,
30816,16:35.489,1,513.0,321.0,757.0,651.0,,,,
30831,16:35.974,2,1468.0,587.0,1559.0,716.0,-95.0,734.0,117.0,1030.0
30846,16:36.458,2,1908.0,574.0,2133.0,821.0,839.0,706.0,934.0,836.0
30861,16:36.943,2,1477.0,623.0,1654.0,838.0,398.0,679.0,508.0,822.0
30876,16:37.427,2,1375.0,675.0,1542.0,895.0,259.0,605.0,383.0,760.0
30891,16:37.912,2,1445.0,642.0,1618.0,869.0,340.0,510.0,459.0,663.0
30906,16:38.396,2,1485.0,580.0,1662.0,808.0,371.0,463.0,489.0,614.0
30921,16:38.881,2,1441.0,523.0,1618.0,753.0,316.0,519.0,436.0,670.0
30936,16:39.366,2,1431.0,656.0,1605.0,876.0,390.0,568.0,505.0,711.0
30951,16:39.850,2,2071.0,727.0,2328.0,976.0,1036.0,775.0,1124.0,902.0
30966,16:40.335,1,1256.0,655.0,1344.0,777.0,,,,
30981,16:40.819,1,858.0,563.0,1024.0,807.0,,,,
30996,16:41.304,1,1277.0,582.0,1370.0,712.0,,,,
31011,16:41.788,2,1118.0,878.0,1208.0,1007.0,2204.0,772.0,2472.0,1034.0
31026,16:42.273,1,1216.0,722.0,1305.0,851.0,,,,
31041,16:42.758,1,1157.0,642.0,1246.0,768.0,,,,
31056,16:43.242,2,2182.0,394.0,2438.0,666.0,1048.0,584.0,1140.0,719.0
31071,16:43.727,1,1237.0,150.0,1330.0,255.0,,,,
31086,16:44.211,0,,,,,,,,
31101,16:44.696,0,,,,,,,,
31116,16:45.180,0,,,,,,,,
31131,16:45.665,0,,,,,,,,
31146,16:46.150,0,,,,,,,,
31161,16:46.634,0,,,,,,,,
31176,16:47.119,2,648.0,508.0,828.0,764.0,2167.0,162.0,2305.0,321.0
31191,16:47.603,1,931.0,561.0,1094.0,809.0,,,,
31206,16:48.088,1,895.0,562.0,1060.0,810.0,,,,
31221,16:48.572,0,,,,,,,,
31236,16:49.057,0,,,,,,,,
31251,16:49.541,2,732.0,767.0,910.0,1024.0,2231.0,758.0,2364.0,912.0
31266,16:50.026,2,83.0,901.0,348.0,1198.0,1606.0,1138.0,1705.0,1282.0
31281,16:50.511,2,257.0,813.0,487.0,1081.0,1680.0,1015.0,1781.0,1154.0
31296,16:50.995,2,432.0,654.0,643.0,913.0,1802.0,950.0,1909.0,1092.0
31311,16:51.480,2,568.0,732.0,771.0,984.0,1932.0,1060.0,2050.0,1211.0
31326,16:51.964,2,630.0,669.0,828.0,922.0,2010.0,1007.0,2132.0,1156.0
31341,16:52.449,2,617.0,642.0,819.0,895.0,1995.0,959.0,2113.0,1104.0
31356,16:52.933,2,654.0,599.0,851.0,846.0,2026.0,908.0,2147.0,1055.0
31371,16:53.418,2,109.0,511.0,369.0,787.0,1589.0,768.0,1684.0,901.0
31386,16:53.903,2,505.0,645.0,706.0,899.0,1904.0,762.0,2015.0,905.0
31401,16:54.387,2,753.0,567.0,935.0,809.0,2174.0,744.0,2305.0,900.0
31416,16:54.872,0,,,,,,,,
31431,16:55.356,0,,,,,,,,
31446,16:55.841,1,1409.0,365.0,1503.0,507.0,,,,
31461,16:56.325,1,1329.0,443.0,1417.0,580.0,,,,
31476,16:56.810,1,1356.0,436.0,1448.0,576.0,,,,
31491,16:57.295,1,1708.0,183.0,1818.0,336.0,,,,
31506,16:57.779,1,1708.0,168.0,1815.0,320.0,,,,
31521,16:58.264,1,1292.0,316.0,1384.0,453.0,,,,
31536,16:58.748,2,1545.0,501.0,1730.0,745.0,447.0,430.0,557.0,576.0
31551,16:59.233,2,1629.0,506.0,1820.0,748.0,536.0,418.0,644.0,560.0
31566,16:59.717,2,1674.0,171.0,1776.0,316.0,52.0,3.0,315.0,309.0
31581,17:00.202,2,1706.0,154.0,1809.0,289.0,89.0,-47.0,325.0,271.0
31596,17:00.686,1,1750.0,146.0,1851.0,234.0,,,,
31611,17:01.171,2,1791.0,159.0,1901.0,308.0,201.0,-55.0,445.0,275.0
31626,17:01.656,2,1760.0,174.0,1868.0,325.0,156.0,-38.0,414.0,283.0
31641,17:02.140,2,1786.0,153.0,1893.0,295.0,172.0,-75.0,428.0,245.0
31656,17:02.625,1,1807.0,149.0,1915.0,289.0,,,,
31671,17:03.109,1,1815.0,150.0,1923.0,286.0,,,,
31686,17:03.594,1,1812.0,148.0,1920.0,280.0,,,,
31701,17:04.078,1,1807.0,149.0,1916.0,246.0,,,,
31716,17:04.563,2,2032.0,673.0,2269.0,928.0,963.0,504.0,1052.0,634.0
31731,17:05.048,2,1716.0,692.0,1915.0,933.0,693.0,552.0,789.0,688.0
31746,17:05.532,2,1565.0,588.0,1756.0,806.0,507.0,639.0,612.0,771.0
31761,17:06.017,2,1558.0,496.0,1746.0,727.0,482.0,582.0,592.0,722.0
31776,17:06.501,2,1607.0,465.0,1800.0,707.0,497.0,554.0,605.0,693.0
31791,17:06.986,2,1662.0,448.0,1866.0,695.0,529.0,523.0,637.0,663.0
31806,17:07.470,0,,,,,,,,
31821,17:07.955,0,,,,,,,,
31836,17:08.439,0,,,,,,,,
31851,17:08.924,0,,,,,,,,
31866,17:09.409,0,,,,,,,,
31881,17:09.893,0,,,,,,,,
31896,17:10.378,0,,,,,,,,
31911,17:10.862,0,,,,,,,,
31926,17:11.347,0,,,,,,,,
31941,17:11.831,0,,,,,,,,
31956,17:12.316,0,,,,,,,,
31971,17:12.801,0,,,,,,,,
31986,17:13.285,0,,,,,,,,
32001,17:13.770,0,,,,,,,,
32016,17:14.254,0,,,,,,,,
32031,17:14.739,0,,,,,,,,
32046,17:15.223,0,,,,,,,,
32061,17:15.708,0,,,,,,,,
32076,17:16.193,0,,,,,,,,
32091,17:16.677,0,,,,,,,,
32106,17:17.162,0,,,,,,,,
32121,17:17.646,0,,,,,,,,
32136,17:18.131,0,,,,,,,,
32151,17:18.615,0,,,,,,,,
32166,17:19.100,0,,,,,,,,
32181,17:19.584,0,,,,,,,,
32196,17:20.069,0,,,,,,,,
32211,17:20.554,0,,,,,,,,
32226,17:21.038,0,,,,,,,,
32241,17:21.523,0,,,,,,,,
32256,17:22.007,0,,,,,,,,
32271,17:22.492,0,,,,,,,,
32286,17:22.976,0,,,,,,,,
32301,17:23.461,0,,,,,,,,
32316,17:23.946,0,,,,,,,,
32331,17:24.430,0,,,,,,,,
32346,17:24.915,0,,,,,,,,
32361,17:25.399,0,,,,,,,,
32376,17:25.884,0,,,,,,,,
32391,17:26.368,0,,,,,,,,
32406,17:26.853,0,,,,,,,,
32421,17:27.337,0,,,,,,,,
32436,17:27.822,0,,,,,,,,
32451,17:28.307,0,,,,,,,,
32466,17:28.791,0,,,,,,,,
32481,17:29.276,0,,,,,,,,
32496,17:29.760,0,,,,,,,,
32511,17:30.245,0,,,,,,,,
32526,17:30.729,0,,,,,,,,
32541,17:31.214,0,,,,,,,,
32556,17:31.699,0,,,,,,,,
32571,17:32.183,0,,,,,,,,
32586,17:32.668,0,,,,,,,,
32601,17:33.152,0,,,,,,,,
32616,17:33.637,0,,,,,,,,
32631,17:34.121,0,,,,,,,,
32646,17:34.606,0,,,,,,,,
32661,17:35.091,0,,,,,,,,
32676,17:35.575,0,,,,,,,,
32691,17:36.060,0,,,,,,,,
32706,17:36.544,0,,,,,,,,
32721,17:37.029,0,,,,,,,,
32736,17:37.513,1,1446.0,154.0,1546.0,279.0,,,,
32751,17:37.998,0,,,,,,,,
32766,17:38.482,0,,,,,,,,
32781,17:38.967,0,,,,,,,,
32796,17:39.452,0,,,,,,,,
32811,17:39.936,0,,,,,,,,
32826,17:40.421,0,,,,,,,,
32841,17:40.905,0,,,,,,,,
32856,17:41.390,0,,,,,,,,
32871,17:41.874,0,,,,,,,,
32886,17:42.359,0,,,,,,,,
32901,17:42.844,0,,,,,,,,
32916,17:43.328,0,,,,,,,,
32931,17:43.813,0,,,,,,,,
32946,17:44.297,0,,,,,,,,
32961,17:44.782,0,,,,,,,,
32976,17:45.266,0,,,,,,,,
32991,17:45.751,1,1223.0,601.0,1335.0,720.0,,,,
33006,17:46.236,1,1206.0,632.0,1320.0,748.0,,,,
33021,17:46.720,1,1215.0,604.0,1320.0,712.0,,,,
33036,17:47.205,1,1215.0,590.0,1324.0,703.0,,,,
33051,17:47.689,2,752.0,547.0,938.0,807.0,2095.0,602.0,2260.0,737.0
33066,17:48.174,2,762.0,436.0,948.0,699.0,2133.0,513.0,2292.0,645.0
33081,17:48.658,2,651.0,455.0,846.0,723.0,2005.0,553.0,2155.0,680.0
33096,17:49.143,1,1219.0,695.0,1327.0,816.0,,,,
33111,17:49.627,2,1531.0,592.0,1716.0,820.0,185.0,646.0,340.0,784.0
33126,17:50.112,2,1449.0,594.0,1628.0,817.0,64.0,673.0,239.0,816.0
33141,17:50.597,2,1413.0,635.0,1592.0,848.0,11.0,700.0,186.0,851.0
33156,17:51.081,2,1465.0,639.0,1644.0,861.0,64.0,604.0,230.0,746.0
33171,17:51.566,2,886.0,716.0,995.0,842.0,2267.0,819.0,2475.0,1094.0
33186,17:52.050,1,1136.0,690.0,1242.0,808.0,,,,
33201,17:52.535,1,974.0,294.0,1089.0,423.0,,,,
33216,17:53.019,2,681.0,194.0,808.0,335.0,2162.0,162.0,2433.0,418.0
33231,17:53.504,1,1099.0,555.0,1182.0,676.0,,,,
33246,17:53.989,2,1380.0,939.0,1471.0,1064.0,-94.0,555.0,156.0,882.0
33261,17:54.473,2,1568.0,759.0,1751.0,991.0,269.0,1093.0,394.0,1234.0
33276,17:54.958,2,1745.0,704.0,1944.0,932.0,539.0,1125.0,647.0,1252.0
33291,17:55.442,1,1149.0,1086.0,1244.0,1202.0,,,,
33306,17:55.927,2,501.0,812.0,688.0,1056.0,1786.0,906.0,1888.0,1034.0
33321,17:56.411,2,504.0,812.0,686.0,1063.0,1776.0,899.0,1881.0,1031.0
33336,17:56.896,1,1175.0,890.0,1267.0,1009.0,,,,
33351,17:57.380,2,734.0,784.0,907.0,1030.0,2051.0,785.0,2179.0,924.0
33366,17:57.865,2,916.0,668.0,1082.0,911.0,2288.0,768.0,2419.0,910.0
33381,17:58.350,2,896.0,667.0,1060.0,902.0,2256.0,752.0,2390.0,897.0
33396,17:58.834,2,221.0,829.0,438.0,1093.0,1571.0,841.0,1673.0,962.0
33411,17:59.319,2,368.0,1093.0,495.0,1220.0,1531.0,744.0,1701.0,957.0
33426,17:59.803,2,526.0,1124.0,650.0,1248.0,1660.0,745.0,1844.0,961.0
33441,18:00.288,2,613.0,1133.0,728.0,1254.0,1736.0,744.0,1930.0,962.0
33456,18:00.772,1,1067.0,1024.0,1170.0,1142.0,,,,
33471,18:01.257,2,861.0,885.0,1028.0,1129.0,2068.0,920.0,2199.0,1063.0
33486,18:01.742,2,2160.0,915.0,2295.0,1060.0,915.0,870.0,1093.0,1099.0
33501,18:02.226,2,922.0,872.0,1101.0,1099.0,2166.0,873.0,2299.0,1021.0
33516,18:02.711,2,2251.0,871.0,2383.0,1021.0,976.0,888.0,1155.0,1104.0
33531,18:03.195,2,2180.0,844.0,2314.0,998.0,932.0,810.0,1107.0,1038.0
33546,18:03.680,2,2170.0,819.0,2303.0,973.0,931.0,755.0,1096.0,1000.0
33561,18:04.164,2,786.0,876.0,958.0,1134.0,2077.0,964.0,2208.0,1115.0
33576,18:04.649,2,491.0,754.0,683.0,1021.0,1762.0,811.0,1866.0,946.0
33591,18:05.134,2,522.0,771.0,709.0,1029.0,1779.0,844.0,1885.0,987.0
33606,18:05.618,2,702.0,630.0,878.0,876.0,1974.0,684.0,2091.0,825.0
33621,18:06.103,2,691.0,575.0,872.0,828.0,1970.0,609.0,2089.0,748.0
33636,18:06.587,2,761.0,599.0,936.0,840.0,2032.0,626.0,2154.0,770.0
33651,18:07.072,2,804.0,560.0,977.0,797.0,2082.0,582.0,2207.0,728.0
33666,18:07.556,2,667.0,459.0,861.0,701.0,1942.0,420.0,2060.0,567.0
33681,18:08.041,2,1941.0,412.0,2061.0,560.0,667.0,441.0,856.0,689.0
33696,18:08.525,2,419.0,402.0,617.0,674.0,1698.0,456.0,1798.0,593.0
33711,18:09.010,2,1693.0,562.0,1797.0,698.0,433.0,507.0,627.0,770.0
33726,18:09.495,1,1221.0,612.0,1314.0,742.0,,,,
33741,18:09.979,1,980.0,610.0,1071.0,738.0,,,,
33756,18:10.464,1,978.0,643.0,1073.0,774.0,,,,
33771,18:10.948,1,1042.0,593.0,1134.0,717.0,,,,
33786,18:11.433,2,417.0,613.0,615.0,879.0,1700.0,542.0,1805.0,670.0
33801,18:11.917,2,795.0,681.0,964.0,927.0,2080.0,635.0,2210.0,777.0
33816,18:12.402,2,791.0,551.0,959.0,802.0,2073.0,548.0,2201.0,694.0
33831,18:12.887,2,860.0,544.0,1025.0,786.0,2161.0,537.0,2296.0,689.0
33846,18:13.371,2,901.0,715.0,1060.0,957.0,2192.0,849.0,2329.0,1000.0
33861,18:13.856,2,894.0,714.0,1054.0,958.0,2175.0,844.0,2310.0,1001.0
33876,18:14.340,2,899.0,693.0,1061.0,939.0,2183.0,806.0,2316.0,962.0
33891,18:14.825,2,894.0,696.0,1055.0,937.0,2169.0,810.0,2302.0,966.0
33906,18:15.309,2,855.0,702.0,1020.0,945.0,2128.0,805.0,2257.0,959.0
33921,18:15.794,2,834.0,681.0,1000.0,927.0,2096.0,783.0,2223.0,932.0
33936,18:16.278,2,825.0,665.0,990.0,910.0,2103.0,761.0,2227.0,913.0
33951,18:16.763,1,1198.0,743.0,1292.0,873.0,,,,
33966,18:17.248,1,1212.0,729.0,1303.0,859.0,,,,
33981,18:17.732,1,1212.0,724.0,1304.0,855.0,,,,
33996,18:18.217,1,1098.0,755.0,1188.0,882.0,,,,
34011,18:18.701,1,1128.0,819.0,1218.0,941.0,,,,
34026,18:19.186,1,1168.0,668.0,1257.0,795.0,,,,
34041,18:19.670,1,1163.0,657.0,1252.0,783.0,,,,
34056,18:20.155,1,1185.0,714.0,1275.0,839.0,,,,
34071,18:20.640,1,1167.0,747.0,1260.0,875.0,,,,
34086,18:21.124,1,1112.0,850.0,1204.0,978.0,,,,
34101,18:21.609,1,1124.0,882.0,1216.0,1011.0,,,,
34116,18:22.093,1,1153.0,872.0,1246.0,1003.0,,,,
34131,18:22.578,1,1186.0,855.0,1277.0,987.0,,,,
34146,18:23.062,1,1063.0,880.0,1159.0,1006.0,,,,
34161,18:23.547,1,1089.0,805.0,1184.0,930.0,,,,
34176,18:24.032,2,1324.0,898.0,1412.0,1022.0,-25.0,665.0,191.0,962.0
34191,18:24.516,2,1420.0,867.0,1520.0,995.0,121.0,959.0,323.0,1229.0
34206,18:25.001,1,1246.0,602.0,1343.0,726.0,,,,
34221,18:25.485,2,1298.0,848.0,1384.0,977.0,-38.0,543.0,188.0,854.0
34236,18:25.970,1,1244.0,986.0,1334.0,1119.0,,,,
34251,18:26.454,1,1216.0,998.0,1304.0,1125.0,,,,
34266,18:26.939,1,1157.0,983.0,1244.0,1111.0,,,,
34281,18:27.423,1,1248.0,839.0,1336.0,966.0,,,,
34296,18:27.908,1,1145.0,842.0,1237.0,971.0,,,,
34311,18:28.393,1,1171.0,932.0,1263.0,1060.0,,,,
34326,18:28.877,2,1650.0,820.0,1844.0,1049.0,445.0,1050.0,561.0,1188.0
34341,18:29.362,2,162.0,999.0,303.0,1144.0,1411.0,671.0,1585.0,884.0
34356,18:29.846,2,1391.0,663.0,1567.0,877.0,148.0,1023.0,294.0,1172.0
34371,18:30.331,2,518.0,948.0,636.0,1083.0,1688.0,597.0,1895.0,822.0
34386,18:30.815,2,789.0,784.0,955.0,1029.0,1994.0,548.0,2125.0,686.0
34401,18:31.300,2,922.0,822.0,1026.0,942.0,2196.0,248.0,2456.0,541.0
34416,18:31.785,2,387.0,974.0,514.0,1117.0,1583.0,523.0,1776.0,760.0
34431,18:32.269,2,1040.0,600.0,1204.0,846.0,2313.0,841.0,2440.0,999.0
34446,18:32.754,2,945.0,651.0,1105.0,888.0,2171.0,815.0,2305.0,972.0
34461,18:33.238,2,188.0,726.0,399.0,1000.0,1459.0,751.0,1555.0,881.0
34476,18:33.723,2,487.0,1034.0,599.0,1173.0,1651.0,682.0,1841.0,902.0
34491,18:34.207,2,918.0,985.0,1015.0,1113.0,2114.0,590.0,2365.0,831.0
34506,18:34.692,2,589.0,1019.0,770.0,1280.0,1783.0,1086.0,1891.0,1235.0
34521,18:35.177,2,631.0,976.0,809.0,1235.0,1818.0,1017.0,1927.0,1159.0
34536,18:35.661,2,664.0,740.0,840.0,988.0,1847.0,847.0,1954.0,988.0
34551,18:36.146,2,154.0,1218.0,297.0,1371.0,1378.0,800.0,1557.0,1010.0
34566,18:36.630,2,1278.0,752.0,1456.0,955.0,21.0,1197.0,180.0,1357.0
34581,18:37.115,2,1223.0,725.0,1417.0,922.0,-30.0,1186.0,116.0,1348.0
34596,18:37.599,1,1201.0,648.0,1391.0,843.0,,,,
34611,18:38.084,1,1070.0,884.0,1167.0,1009.0,,,,
34626,18:38.568,2,1007.0,544.0,1161.0,770.0,2266.0,575.0,2404.0,722.0
34641,18:39.053,2,853.0,469.0,1021.0,718.0,2048.0,686.0,2170.0,832.0
34656,18:39.538,2,1670.0,560.0,1769.0,697.0,450.0,444.0,640.0,717.0
34671,18:40.022,2,424.0,392.0,619.0,665.0,1633.0,613.0,1736.0,751.0
34686,18:40.507,2,552.0,420.0,743.0,688.0,1717.0,734.0,1817.0,872.0
34701,18:40.991,2,1707.0,770.0,1805.0,906.0,554.0,426.0,748.0,689.0
34716,18:41.476,2,554.0,403.0,758.0,664.0,1701.0,784.0,1799.0,918.0
34731,18:41.960,2,555.0,431.0,773.0,687.0,1679.0,821.0,1777.0,955.0
34746,18:42.445,2,636.0,522.0,859.0,768.0,1738.0,932.0,1840.0,1066.0
34761,18:42.930,2,726.0,768.0,936.0,1012.0,1823.0,1187.0,1930.0,1331.0
34776,18:43.414,2,705.0,840.0,903.0,1067.0,1798.0,1280.0,1907.0,1428.0
34791,18:43.899,2,652.0,685.0,847.0,915.0,1737.0,1110.0,1839.0,1251.0
34806,18:44.383,2,649.0,640.0,843.0,865.0,1737.0,1081.0,1839.0,1219.0
34821,18:44.868,2,659.0,740.0,841.0,966.0,1775.0,1078.0,1878.0,1219.0
34836,18:45.352,2,189.0,984.0,414.0,1260.0,1456.0,1147.0,1552.0,1287.0
34851,18:45.837,2,496.0,755.0,679.0,1014.0,1695.0,933.0,1795.0,1070.0
34866,18:46.321,2,447.0,615.0,641.0,883.0,1687.0,779.0,1785.0,910.0
34881,18:46.806,2,-23.0,705.0,218.0,1000.0,1371.0,820.0,1461.0,946.0
34896,18:47.291,1,1238.0,751.0,1328.0,877.0,,,,
34911,18:47.775,1,1245.0,734.0,1336.0,858.0,,,,
34926,18:48.260,1,1170.0,839.0,1260.0,959.0,,,,
34941,18:48.744,1,1028.0,820.0,1115.0,944.0,,,,
34956,18:49.229,2,1954.0,763.0,2162.0,996.0,740.0,773.0,834.0,901.0
34971,18:49.713,1,1052.0,727.0,1140.0,852.0,,,,
34986,18:50.198,1,1243.0,797.0,1330.0,920.0,,,,
35001,18:50.683,2,981.0,734.0,1072.0,861.0,2275.0,652.0,2478.0,906.0
35016,18:51.167,2,1864.0,454.0,2058.0,685.0,669.0,658.0,773.0,788.0
35031,18:51.652,2,1806.0,539.0,1986.0,770.0,635.0,793.0,742.0,922.0
35046,18:52.136,2,2012.0,611.0,2217.0,847.0,816.0,840.0,911.0,960.0
35061,18:52.621,2,1627.0,492.0,1787.0,709.0,419.0,675.0,533.0,807.0
35076,18:53.105,2,407.0,679.0,521.0,811.0,1604.0,478.0,1783.0,692.0
35091,18:53.590,2,1643.0,469.0,1821.0,690.0,433.0,695.0,547.0,828.0
35106,18:54.075,2,1841.0,749.0,2040.0,971.0,639.0,1002.0,743.0,1134.0
35121,18:54.559,2,2067.0,282.0,2307.0,548.0,784.0,586.0,882.0,708.0
35136,18:55.044,2,853.0,810.0,948.0,926.0,2071.0,509.0,2277.0,750.0
35151,18:55.528,1,1053.0,848.0,1143.0,963.0,,,,
35166,18:56.013,1,1102.0,693.0,1188.0,807.0,,,,
35181,18:56.497,1,1134.0,714.0,1221.0,833.0,,,,
35196,18:56.982,1,1165.0,689.0,1251.0,810.0,,,,
35211,18:57.466,2,497.0,707.0,606.0,840.0,1702.0,514.0,1839.0,737.0
35226,18:57.951,2,876.0,686.0,973.0,808.0,2131.0,435.0,2309.0,692.0
35241,18:58.436,1,1036.0,623.0,1125.0,747.0,,,,
35256,18:58.920,1,1043.0,641.0,1131.0,761.0,,,,
35271,18:59.405,2,914.0,804.0,1007.0,923.0,2150.0,459.0,2341.0,713.0
35286,18:59.889,2,504.0,1064.0,617.0,1194.0,1630.0,609.0,1769.0,823.0
35301,19:00.374,2,414.0,1069.0,535.0,1202.0,1531.0,565.0,1666.0,787.0
35316,19:00.858,2,415.0,1062.0,537.0,1195.0,1539.0,556.0,1677.0,773.0
35331,19:01.343,2,421.0,1017.0,539.0,1146.0,1545.0,532.0,1689.0,754.0
35346,19:01.828,2,423.0,983.0,540.0,1113.0,1554.0,518.0,1697.0,737.0
35361,19:02.312,2,419.0,968.0,537.0,1097.0,1550.0,507.0,1689.0,719.0
35376,19:02.797,2,417.0,958.0,540.0,1089.0,1550.0,512.0,1682.0,720.0
35391,19:03.281,2,470.0,1152.0,584.0,1275.0,1589.0,712.0,1723.0,917.0
35406,19:03.766,2,613.0,834.0,718.0,963.0,1789.0,516.0,1950.0,741.0
35421,19:04.250,2,979.0,774.0,1069.0,898.0,2300.0,607.0,2452.0,865.0
35436,19:04.735,1,1177.0,850.0,1266.0,976.0,,,,
35451,19:05.220,1,1252.0,983.0,1337.0,1107.0,,,,
35466,19:05.704,2,539.0,992.0,645.0,1124.0,1709.0,705.0,1854.0,923.0
35481,19:06.189,2,643.0,1117.0,748.0,1242.0,1756.0,653.0,1907.0,874.0
35496,19:06.673,1,1168.0,1182.0,1266.0,1304.0,,,,
35511,19:07.158,0,,,,,,,,
35526,19:07.642,1,1490.0,1337.0,1604.0,1467.0,,,,
35541,19:08.127,1,927.0,680.0,1032.0,794.0,,,,
35556,19:08.611,1,969.0,614.0,1069.0,726.0,,,,
35571,19:09.096,1,967.0,632.0,1067.0,749.0,,,,
35586,19:09.581,1,1014.0,633.0,1111.0,749.0,,,,
35601,19:10.065,1,1227.0,635.0,1312.0,758.0,,,,
35616,19:10.550,1,1241.0,651.0,1325.0,768.0,,,,
35631,19:11.034,2,1285.0,667.0,1372.0,792.0,-73.0,243.0,153.0,556.0
35646,19:11.519,2,1389.0,682.0,1476.0,806.0,108.0,300.0,327.0,587.0
35661,19:12.003,2,112.0,272.0,329.0,556.0,1399.0,564.0,1486.0,683.0
35676,19:12.488,2,1358.0,519.0,1446.0,645.0,34.0,269.0,256.0,560.0
35691,19:12.973,1,1234.0,489.0,1323.0,616.0,,,,
35706,19:13.457,1,1046.0,566.0,1134.0,681.0,,,,
35721,19:13.942,1,1094.0,568.0,1180.0,679.0,,,,
35736,19:14.426,1,1106.0,546.0,1192.0,665.0,,,,
35751,19:14.911,1,1120.0,543.0,1206.0,659.0,,,,
35766,19:15.395,1,1112.0,599.0,1199.0,712.0,,,,
35781,19:15.880,1,1107.0,612.0,1192.0,725.0,,,,
35796,19:16.364,1,1115.0,596.0,1203.0,711.0,,,,
35811,19:16.849,1,1125.0,865.0,1214.0,984.0,,,,
35826,19:17.334,1,1142.0,372.0,1236.0,502.0,,,,
35841,19:17.818,1,1168.0,764.0,1253.0,887.0,,,,
35856,19:18.303,1,1141.0,522.0,1233.0,648.0,,,,
35871,19:18.787,1,1195.0,902.0,1279.0,1022.0,,,,
35886,19:19.272,1,1228.0,531.0,1315.0,655.0,,,,
35901,19:19.756,1,1231.0,556.0,1317.0,678.0,,,,
35916,19:20.241,1,1198.0,641.0,1282.0,762.0,,,,
35931,19:20.726,1,1194.0,629.0,1277.0,746.0,,,,
35946,19:21.210,2,753.0,737.0,846.0,849.0,1993.0,390.0,2171.0,638.0
35961,19:21.695,2,592.0,868.0,699.0,992.0,1765.0,434.0,1921.0,666.0
35976,19:22.179,2,661.0,854.0,764.0,974.0,1839.0,389.0,2007.0,635.0
35991,19:22.664,2,803.0,842.0,904.0,959.0,2000.0,337.0,2185.0,590.0
36006,19:23.148,2,812.0,858.0,906.0,971.0,2000.0,338.0,2184.0,593.0
36021,19:23.633,2,803.0,860.0,901.0,973.0,1983.0,341.0,2169.0,593.0
36036,19:24.118,2,795.0,858.0,893.0,974.0,1977.0,344.0,2160.0,599.0
36051,19:24.602,2,755.0,880.0,854.0,995.0,1933.0,357.0,2139.0,616.0
36066,19:25.087,2,1932.0,343.0,2155.0,604.0,742.0,872.0,843.0,991.0
36081,19:25.571,2,1937.0,327.0,2166.0,587.0,743.0,869.0,843.0,981.0
36096,19:26.056,2,1931.0,338.0,2154.0,598.0,739.0,870.0,842.0,988.0
36111,19:26.540,2,747.0,850.0,849.0,965.0,1956.0,321.0,2180.0,582.0
36126,19:27.025,2,742.0,858.0,845.0,977.0,1968.0,331.0,2199.0,595.0
36141,19:27.509,2,1995.0,451.0,2231.0,708.0,766.0,929.0,868.0,1047.0
36156,19:27.994,2,729.0,925.0,835.0,1050.0,1945.0,444.0,2175.0,694.0
36171,19:28.479,2,1827.0,418.0,2041.0,664.0,623.0,909.0,734.0,1032.0
36186,19:28.963,2,1777.0,435.0,1983.0,676.0,569.0,908.0,681.0,1035.0
36201,19:29.448,2,834.0,712.0,989.0,941.0,2011.0,754.0,2132.0,897.0
36216,19:29.932,2,975.0,610.0,1129.0,840.0,2193.0,746.0,2325.0,897.0
36231,19:30.417,2,2175.0,737.0,2304.0,887.0,962.0,605.0,1114.0,837.0
36246,19:30.901,2,967.0,600.0,1122.0,833.0,2187.0,741.0,2317.0,891.0
36261,19:31.386,2,946.0,595.0,1103.0,829.0,2155.0,745.0,2283.0,894.0
36276,19:31.871,2,937.0,582.0,1094.0,816.0,2135.0,738.0,2261.0,887.0
36291,19:32.355,2,916.0,575.0,1077.0,814.0,2102.0,744.0,2224.0,891.0
36306,19:32.840,2,702.0,697.0,869.0,932.0,1855.0,818.0,1962.0,961.0
36321,19:33.324,2,128.0,709.0,349.0,982.0,1405.0,748.0,1499.0,875.0
36336,19:33.809,2,1868.0,505.0,2071.0,743.0,575.0,826.0,683.0,959.0
36351,19:34.293,2,1859.0,519.0,2061.0,761.0,599.0,896.0,708.0,1028.0
36366,19:34.778,2,1844.0,553.0,2054.0,793.0,602.0,1004.0,713.0,1133.0
36381,19:35.262,2,2034.0,469.0,2259.0,716.0,739.0,903.0,841.0,1027.0
36396,19:35.747,2,888.0,907.0,987.0,1027.0,2229.0,473.0,2447.0,736.0
36411,19:36.232,2,904.0,897.0,1006.0,1016.0,2246.0,470.0,2451.0,729.0
36426,19:36.716,1,1189.0,837.0,1282.0,957.0,,,,
36441,19:37.201,2,320.0,695.0,513.0,947.0,1547.0,804.0,1642.0,931.0
36456,19:37.685,2,829.0,620.0,989.0,847.0,2009.0,830.0,2128.0,975.0
36471,19:38.170,2,949.0,586.0,1107.0,811.0,2141.0,898.0,2270.0,1045.0
36486,19:38.654,2,917.0,611.0,1077.0,832.0,2135.0,858.0,2264.0,1005.0
36501,19:39.139,2,915.0,603.0,1074.0,822.0,2134.0,826.0,2265.0,973.0
36516,19:39.624,2,967.0,630.0,1136.0,842.0,2150.0,866.0,2282.0,1014.0
36531,19:40.108,2,951.0,627.0,1117.0,842.0,2122.0,833.0,2250.0,981.0
36546,19:40.593,1,941.0,840.0,1038.0,966.0,,,,
36561,19:41.077,2,1530.0,709.0,1707.0,927.0,186.0,998.0,325.0,1142.0
36576,19:41.562,2,1585.0,661.0,1768.0,882.0,274.0,985.0,407.0,1126.0
36591,19:42.046,1,919.0,861.0,1017.0,989.0,,,,
36606,19:42.531,2,682.0,796.0,857.0,1036.0,1836.0,915.0,1952.0,1059.0
36621,19:43.016,2,863.0,821.0,1034.0,1039.0,2007.0,996.0,2131.0,1146.0
36636,19:43.500,2,811.0,900.0,984.0,1140.0,1964.0,1211.0,2083.0,1367.0
36651,19:43.985,2,797.0,934.0,970.0,1185.0,1945.0,1254.0,2065.0,1416.0
36666,19:44.469,2,45.0,798.0,271.0,1081.0,1380.0,997.0,1473.0,1133.0
36681,19:44.954,2,1906.0,728.0,2111.0,961.0,609.0,964.0,717.0,1100.0
36696,19:45.438,2,1719.0,700.0,1911.0,928.0,430.0,1002.0,550.0,1139.0
36711,19:45.923,2,473.0,869.0,658.0,1133.0,1723.0,844.0,1833.0,976.0
36726,19:46.407,2,877.0,650.0,1036.0,885.0,2165.0,724.0,2301.0,872.0
36741,19:46.892,2,862.0,638.0,1023.0,874.0,2139.0,713.0,2272.0,862.0
36756,19:47.377,2,853.0,624.0,1016.0,857.0,2104.0,695.0,2235.0,840.0
36771,19:47.861,2,-13.0,576.0,224.0,863.0,1372.0,690.0,1465.0,813.0
36786,19:48.346,2,-42.0,620.0,198.0,917.0,1346.0,698.0,1438.0,823.0
36801,19:48.830,2,1773.0,671.0,1964.0,899.0,446.0,878.0,563.0,1021.0
36816,19:49.315,2,1624.0,584.0,1799.0,808.0,283.0,849.0,414.0,992.0
36831,19:49.799,2,1634.0,552.0,1798.0,780.0,313.0,815.0,438.0,954.0
36846,19:50.284,2,1662.0,496.0,1840.0,724.0,339.0,815.0,465.0,954.0
36861,19:50.769,2,1552.0,560.0,1729.0,786.0,221.0,937.0,359.0,1077.0
36876,19:51.253,2,1537.0,573.0,1714.0,795.0,218.0,921.0,350.0,1060.0
36891,19:51.738,2,1503.0,513.0,1682.0,739.0,203.0,943.0,337.0,1079.0
36906,19:52.222,2,1486.0,514.0,1666.0,740.0,188.0,957.0,325.0,1096.0
36921,19:52.707,2,1498.0,517.0,1682.0,752.0,183.0,974.0,321.0,1112.0
36936,19:53.191,2,1468.0,530.0,1646.0,763.0,211.0,1089.0,355.0,1224.0
36951,19:53.676,2,1502.0,686.0,1673.0,905.0,318.0,1403.0,453.0,1504.0
36966,19:54.161,2,1504.0,660.0,1672.0,881.0,334.0,1378.0,473.0,1502.0
36981,19:54.645,2,1522.0,698.0,1702.0,919.0,334.0,1408.0,464.0,1503.0
36996,19:55.130,2,1505.0,645.0,1682.0,870.0,291.0,1289.0,432.0,1429.0
37011,19:55.614,2,1505.0,575.0,1694.0,795.0,290.0,1168.0,427.0,1304.0
37026,19:56.099,2,1509.0,540.0,1694.0,767.0,281.0,1133.0,419.0,1270.0
37041,19:56.583,2,1508.0,521.0,1690.0,748.0,283.0,1116.0,417.0,1252.0
37056,19:57.068,2,869.0,1230.0,966.0,1362.0,2213.0,948.0,2452.0,1224.0
37071,19:57.552,1,972.0,1140.0,1067.0,1273.0,,,,
37086,19:58.037,2,1794.0,707.0,1990.0,945.0,558.0,1046.0,670.0,1181.0
37101,19:58.522,1,1143.0,939.0,1231.0,1062.0,,,,
37116,19:59.006,1,1622.0,1000.0,1809.0,1238.0,,,,
37131,19:59.491,2,1532.0,741.0,1704.0,965.0,331.0,1236.0,452.0,1368.0
37146,19:59.975,2,1549.0,628.0,1725.0,850.0,298.0,1003.0,421.0,1140.0
37161,20:00.460,2,360.0,918.0,556.0,1193.0,1651.0,1011.0,1751.0,1147.0
37176,20:00.944,2,824.0,731.0,984.0,976.0,2100.0,880.0,2224.0,1029.0
37191,20:01.429,2,768.0,684.0,932.0,927.0,2022.0,843.0,2147.0,991.0
37206,20:01.914,2,-23.0,553.0,194.0,850.0,1347.0,788.0,1436.0,917.0
37221,20:02.398,1,1188.0,703.0,1279.0,824.0,,,,
37236,20:02.883,1,1237.0,628.0,1326.0,759.0,,,,
37251,20:03.367,2,573.0,860.0,682.0,994.0,1806.0,602.0,1969.0,835.0
37266,20:03.852,2,783.0,1021.0,889.0,1148.0,2017.0,596.0,2242.0,847.0
37281,20:04.336,0,,,,,,,,
37296,20:04.821,0,,,,,,,,
37311,20:05.305,0,,,,,,,,
37326,20:05.790,2,658.0,1306.0,824.0,1527.0,1867.0,1416.0,1987.0,1520.0
37341,20:06.275,2,2275.0,993.0,2405.0,1143.0,1093.0,662.0,1235.0,890.0
37356,20:06.759,2,2184.0,1060.0,2313.0,1215.0,1048.0,680.0,1186.0,914.0
37371,20:07.244,2,1448.0,1055.0,1538.0,1181.0,378.0,565.0,565.0,827.0
37386,20:07.728,1,1076.0,1038.0,1163.0,1167.0,,,,
37401,20:08.213,2,446.0,1330.0,576.0,1471.0,1528.0,654.0,1684.0,867.0
37416,20:08.697,2,1548.0,663.0,1716.0,877.0,457.0,1324.0,588.0,1460.0
37431,20:09.182,2,1541.0,659.0,1709.0,869.0,450.0,1336.0,579.0,1474.0
37446,20:09.667,2,1560.0,715.0,1707.0,922.0,492.0,1404.0,613.0,1507.0
37461,20:10.151,1,1572.0,716.0,1732.0,935.0,,,,
37476,20:10.636,1,1559.0,717.0,1721.0,926.0,,,,
37491,20:11.120,1,1568.0,696.0,1748.0,913.0,,,,
37506,20:11.605,1,1638.0,934.0,1831.0,1163.0,,,,
37521,20:12.089,2,1735.0,604.0,1929.0,839.0,584.0,1143.0,699.0,1272.0
37536,20:12.574,2,830.0,1022.0,932.0,1146.0,2039.0,519.0,2248.0,779.0
37551,20:13.059,2,527.0,1100.0,643.0,1234.0,1703.0,636.0,1863.0,862.0
37566,20:13.543,1,969.0,950.0,1066.0,1078.0,,,,
37581,20:14.028,1,1028.0,894.0,1124.0,1024.0,,,,
37596,20:14.512,1,1070.0,1064.0,1165.0,1202.0,,,,
37611,20:14.997,2,277.0,422.0,462.0,689.0,1461.0,641.0,1554.0,774.0
37626,20:15.481,2,176.0,461.0,377.0,739.0,1398.0,695.0,1489.0,824.0
37641,20:15.966,2,1417.0,660.0,1511.0,793.0,212.0,425.0,397.0,702.0
37656,20:16.450,2,1425.0,655.0,1518.0,786.0,224.0,422.0,407.0,698.0
37671,20:16.935,2,1427.0,648.0,1519.0,780.0,220.0,417.0,404.0,691.0
37686,20:17.420,2,1432.0,658.0,1524.0,787.0,226.0,417.0,414.0,694.0
37701,20:17.904,2,1435.0,672.0,1526.0,803.0,228.0,423.0,418.0,703.0
37716,20:18.389,2,1415.0,871.0,1507.0,1003.0,220.0,642.0,407.0,907.0
37731,20:18.873,2,1476.0,719.0,1571.0,853.0,290.0,481.0,476.0,748.0
37746,20:19.358,2,714.0,632.0,866.0,863.0,1847.0,751.0,1956.0,893.0
37761,20:19.842,2,1828.0,744.0,1937.0,888.0,697.0,609.0,848.0,848.0
37776,20:20.327,2,1832.0,738.0,1940.0,882.0,704.0,594.0,856.0,833.0
37791,20:20.812,2,1826.0,742.0,1935.0,885.0,704.0,581.0,851.0,815.0
37806,20:21.296,2,1821.0,761.0,1929.0,909.0,699.0,591.0,850.0,832.0
37821,20:21.781,2,693.0,602.0,847.0,843.0,1817.0,782.0,1920.0,923.0
37836,20:22.265,2,1799.0,826.0,1906.0,970.0,686.0,634.0,840.0,877.0
37851,20:22.750,2,1800.0,766.0,1907.0,909.0,679.0,578.0,838.0,819.0
37866,20:23.234,2,638.0,711.0,794.0,955.0,1745.0,919.0,1851.0,1058.0
37881,20:23.719,2,1672.0,743.0,1770.0,881.0,537.0,541.0,705.0,789.0
37896,20:24.204,2,319.0,610.0,507.0,871.0,1500.0,830.0,1592.0,961.0
37911,20:24.688,2,869.0,862.0,963.0,991.0,2245.0,805.0,2444.0,1053.0
37926,20:25.173,2,386.0,936.0,508.0,1075.0,1661.0,673.0,1823.0,892.0
37941,20:25.657,2,899.0,918.0,996.0,1048.0,2280.0,752.0,2480.0,1021.0
37956,20:26.142,2,1865.0,862.0,1980.0,1004.0,724.0,782.0,877.0,1014.0
37971,20:26.626,2,766.0,706.0,917.0,938.0,1907.0,846.0,2025.0,991.0
37986,20:27.111,2,873.0,714.0,1019.0,942.0,2023.0,875.0,2151.0,1023.0
38001,20:27.595,2,1978.0,919.0,2097.0,1063.0,860.0,620.0,1008.0,850.0
38016,20:28.080,2,747.0,682.0,917.0,917.0,1863.0,959.0,1977.0,1101.0
38031,20:28.565,2,176.0,711.0,401.0,975.0,1416.0,837.0,1513.0,966.0
38046,20:29.049,1,1153.0,812.0,1249.0,935.0,,,,
38061,20:29.534,2,2046.0,687.0,2281.0,929.0,725.0,846.0,833.0,978.0
38076,20:30.018,1,1207.0,814.0,1304.0,938.0,,,,
38091,20:30.503,2,131.0,707.0,342.0,975.0,1388.0,780.0,1487.0,907.0
38106,20:30.987,2,415.0,623.0,608.0,882.0,1597.0,733.0,1701.0,863.0
38121,20:31.472,2,162.0,568.0,388.0,847.0,1401.0,742.0,1494.0,867.0
38136,20:31.957,2,621.0,758.0,795.0,1008.0,1753.0,934.0,1860.0,1069.0
38151,20:32.441,2,667.0,806.0,830.0,1060.0,1778.0,1082.0,1888.0,1225.0
38166,20:32.926,2,1605.0,684.0,1765.0,903.0,394.0,1207.0,531.0,1338.0
38181,20:33.410,2,504.0,1255.0,637.0,1386.0,1674.0,682.0,1836.0,903.0
38196,20:33.895,2,1618.0,647.0,1774.0,868.0,425.0,1203.0,561.0,1335.0
38211,20:34.379,2,1516.0,591.0,1686.0,809.0,351.0,1199.0,497.0,1334.0
38226,20:34.864,2,1510.0,590.0,1696.0,808.0,360.0,1217.0,501.0,1351.0
38241,20:35.348,2,1500.0,581.0,1685.0,802.0,343.0,1204.0,483.0,1334.0
38256,20:35.833,2,1481.0,605.0,1669.0,818.0,339.0,1188.0,478.0,1323.0
38271,20:36.318,2,1482.0,602.0,1657.0,813.0,335.0,1179.0,476.0,1310.0
38286,20:36.802,2,1483.0,606.0,1655.0,823.0,329.0,1184.0,470.0,1317.0
38301,20:37.287,2,1523.0,609.0,1694.0,829.0,366.0,1188.0,498.0,1319.0
38316,20:37.771,2,1539.0,549.0,1736.0,772.0,393.0,1084.0,524.0,1213.0
38331,20:38.256,2,1887.0,571.0,2132.0,806.0,779.0,1162.0,893.0,1286.0
38346,20:38.740,1,1190.0,1334.0,1301.0,1459.0,,,,
38361,20:39.225,0,,,,,,,,
38376,20:39.710,2,1234.0,794.0,1330.0,905.0,-57.0,916.0,161.0,1208.0
38391,20:40.194,2,1285.0,738.0,1379.0,863.0,43.0,597.0,247.0,888.0
38406,20:40.679,2,1277.0,781.0,1371.0,902.0,32.0,649.0,237.0,940.0
38421,20:41.163,2,47.0,656.0,252.0,948.0,1288.0,804.0,1381.0,922.0
38436,20:41.648,2,1290.0,808.0,1383.0,930.0,48.0,667.0,256.0,951.0
38451,20:42.132,2,21.0,671.0,240.0,957.0,1289.0,811.0,1384.0,933.0
38466,20:42.617,2,5.0,747.0,220.0,1033.0,1283.0,886.0,1376.0,1009.0
38481,20:43.102,2,4.0,805.0,216.0,1087.0,1291.0,938.0,1384.0,1064.0
38496,20:43.586,2,1737.0,829.0,1847.0,965.0,612.0,779.0,772.0,1018.0
38511,20:44.071,2,1948.0,826.0,2069.0,974.0,740.0,736.0,904.0,982.0
38526,20:44.555,2,1939.0,851.0,2058.0,999.0,668.0,722.0,843.0,969.0
38541,20:45.040,2,675.0,732.0,854.0,976.0,1952.0,886.0,2071.0,1035.0
38556,20:45.524,2,1888.0,939.0,2003.0,1088.0,605.0,754.0,786.0,1002.0
38571,20:46.009,2,619.0,739.0,797.0,991.0,1903.0,963.0,2016.0,1110.0
38586,20:46.493,2,513.0,711.0,699.0,969.0,1798.0,937.0,1908.0,1083.0
38601,20:46.978,1,1323.0,848.0,1417.0,974.0,,,,
38616,20:47.463,1,985.0,911.0,1083.0,1030.0,,,,
38631,20:47.947,2,471.0,1191.0,603.0,1326.0,1667.0,576.0,1857.0,796.0
38646,20:48.432,2,1686.0,609.0,1881.0,837.0,500.0,1240.0,627.0,1372.0
38661,20:48.916,2,1693.0,597.0,1892.0,822.0,501.0,1229.0,631.0,1361.0
38676,20:49.401,2,1689.0,595.0,1885.0,823.0,497.0,1211.0,625.0,1349.0
38691,20:49.885,2,1728.0,566.0,1913.0,790.0,515.0,1157.0,644.0,1287.0
38706,20:50.370,1,941.0,923.0,1043.0,1039.0,,,,
38721,20:50.855,1,1154.0,811.0,1251.0,924.0,,,,
38736,20:51.339,1,1302.0,831.0,1394.0,953.0,,,,
38751,20:51.824,1,1355.0,933.0,1447.0,1060.0,,,,
38766,20:52.308,1,1387.0,900.0,1480.0,1029.0,,,,
38781,20:52.793,2,1845.0,946.0,1959.0,1090.0,528.0,772.0,700.0,1021.0
38796,20:53.277,2,42.0,713.0,261.0,985.0,1471.0,826.0,1569.0,950.0
38811,20:53.762,1,1326.0,821.0,1421.0,941.0,,,,
38826,20:54.246,1,1018.0,913.0,1122.0,1025.0,,,,
38841,20:54.731,1,1015.0,861.0,1122.0,979.0,,,,
38856,20:55.216,1,1005.0,858.0,1113.0,977.0,,,,
38871,20:55.700,1,1007.0,924.0,1118.0,1045.0,,,,
38886,20:56.185,1,1021.0,1088.0,1131.0,1210.0,,,,
38901,20:56.669,2,762.0,1106.0,879.0,1235.0,1966.0,562.0,2147.0,807.0
38916,20:57.154,2,715.0,1110.0,833.0,1236.0,1902.0,536.0,2082.0,782.0
38931,20:57.638,2,789.0,1085.0,904.0,1208.0,2012.0,535.0,2207.0,793.0
38946,20:58.123,1,1209.0,1029.0,1306.0,1153.0,,,,
38961,20:58.608,2,1674.0,981.0,1772.0,1117.0,386.0,697.0,564.0,971.0
38976,20:59.092,2,573.0,609.0,740.0,871.0,1832.0,920.0,1939.0,1058.0
38991,20:59.577,2,17.0,488.0,239.0,780.0,1428.0,825.0,1520.0,952.0
39006,21:00.061,2,615.0,598.0,778.0,849.0,1898.0,821.0,2014.0,961.0
39021,21:00.546,2,783.0,589.0,949.0,831.0,2106.0,839.0,2233.0,988.0
39036,21:01.030,2,763.0,606.0,921.0,856.0,2076.0,891.0,2201.0,1037.0
39051,21:01.515,2,763.0,628.0,922.0,883.0,2068.0,933.0,2193.0,1078.0
39066,21:02.000,2,763.0,618.0,925.0,870.0,2066.0,931.0,2190.0,1075.0
39081,21:02.484,2,772.0,601.0,935.0,854.0,2074.0,921.0,2196.0,1065.0
39096,21:02.969,2,774.0,593.0,938.0,842.0,2100.0,914.0,2219.0,1058.0
39111,21:03.453,2,790.0,591.0,952.0,839.0,2123.0,919.0,2241.0,1058.0
39126,21:03.938,2,796.0,584.0,957.0,829.0,2130.0,912.0,2248.0,1051.0
39141,21:04.422,2,799.0,573.0,964.0,824.0,2131.0,915.0,2252.0,1055.0
39156,21:04.907,2,794.0,565.0,959.0,820.0,2124.0,913.0,2241.0,1054.0
39171,21:05.391,2,773.0,557.0,936.0,817.0,2093.0,906.0,2210.0,1049.0
39186,21:05.876,2,760.0,584.0,920.0,839.0,2073.0,932.0,2190.0,1071.0
39201,21:06.361,2,708.0,604.0,872.0,872.0,1971.0,1019.0,2085.0,1160.0
39216,21:06.845,2,718.0,621.0,896.0,888.0,2021.0,1050.0,2144.0,1198.0
39231,21:07.330,2,743.0,651.0,918.0,909.0,2052.0,1077.0,2177.0,1227.0
39246,21:07.814,2,736.0,640.0,912.0,902.0,2049.0,1069.0,2171.0,1216.0
39261,21:08.299,2,737.0,632.0,913.0,892.0,2044.0,1051.0,2166.0,1198.0
39276,21:08.783,2,734.0,632.0,908.0,892.0,2041.0,1050.0,2164.0,1195.0
39291,21:09.268,2,726.0,627.0,902.0,888.0,2038.0,1044.0,2159.0,1189.0
39306,21:09.753,2,723.0,628.0,899.0,890.0,2036.0,1038.0,2157.0,1186.0
39321,21:10.237,2,712.0,626.0,888.0,890.0,2027.0,1034.0,2149.0,1182.0
39336,21:10.722,2,710.0,625.0,886.0,887.0,2029.0,1031.0,2151.0,1180.0
39351,21:11.206,2,713.0,628.0,890.0,893.0,2032.0,1031.0,2153.0,1181.0
39366,21:11.691,2,687.0,712.0,868.0,977.0,2010.0,1096.0,2130.0,1247.0
39381,21:12.175,2,410.0,899.0,611.0,1180.0,1771.0,1198.0,1884.0,1354.0
39396,21:12.660,2,406.0,751.0,608.0,1030.0,1761.0,1046.0,1868.0,1185.0
39411,21:13.145,2,419.0,700.0,617.0,975.0,1769.0,993.0,1878.0,1134.0
39426,21:13.629,2,470.0,700.0,666.0,972.0,1809.0,1000.0,1919.0,1145.0
39441,21:14.114,2,500.0,706.0,691.0,975.0,1832.0,1015.0,1945.0,1158.0
39456,21:14.598,2,542.0,701.0,729.0,967.0,1853.0,1004.0,1967.0,1149.0
39471,21:15.083,2,1851.0,1001.0,1964.0,1148.0,553.0,701.0,735.0,967.0
39486,21:15.567,2,557.0,705.0,738.0,969.0,1851.0,1007.0,1965.0,1153.0
39501,21:16.052,2,566.0,693.0,743.0,957.0,1855.0,994.0,1969.0,1139.0
39516,21:16.536,2,1851.0,983.0,1964.0,1126.0,558.0,683.0,738.0,952.0
39531,21:17.021,2,504.0,681.0,694.0,952.0,1832.0,972.0,1944.0,1117.0
39546,21:17.506,2,402.0,678.0,605.0,957.0,1743.0,961.0,1851.0,1100.0
39561,21:17.990,1,1190.0,929.0,1283.0,1054.0,,,,
39576,21:18.475,1,1150.0,922.0,1245.0,1048.0,,,,
39591,21:18.959,2,547.0,751.0,731.0,1020.0,1871.0,962.0,1990.0,1108.0
39606,21:19.444,2,673.0,708.0,851.0,964.0,1998.0,996.0,2121.0,1146.0
39621,21:19.928,2,677.0,700.0,850.0,957.0,1974.0,992.0,2095.0,1143.0
39636,21:20.413,2,557.0,693.0,737.0,957.0,1839.0,987.0,1952.0,1127.0
39651,21:20.898,2,428.0,651.0,615.0,920.0,1732.0,946.0,1838.0,1084.0
39666,21:21.382,2,433.0,654.0,622.0,919.0,1745.0,946.0,1856.0,1086.0
39681,21:21.867,2,423.0,672.0,618.0,945.0,1775.0,967.0,1885.0,1109.0
39696,21:22.351,2,423.0,686.0,621.0,959.0,1782.0,985.0,1892.0,1124.0
39711,21:22.836,2,585.0,702.0,771.0,966.0,1940.0,978.0,2059.0,1124.0
39726,21:23.320,2,570.0,679.0,754.0,940.0,1918.0,954.0,2037.0,1100.0
39741,21:23.805,2,376.0,633.0,578.0,911.0,1743.0,921.0,1850.0,1056.0
39756,21:24.289,2,-43.0,567.0,199.0,866.0,1455.0,812.0,1551.0,941.0
39771,21:24.774,1,1378.0,758.0,1472.0,890.0,,,,
39786,21:25.259,2,424.0,521.0,620.0,791.0,1799.0,761.0,1910.0,901.0
39801,21:25.743,2,571.0,423.0,754.0,699.0,1935.0,697.0,2053.0,843.0
39816,21:26.228,2,696.0,488.0,872.0,751.0,2055.0,752.0,2179.0,902.0
39831,21:26.712,2,642.0,517.0,822.0,783.0,2002.0,775.0,2124.0,921.0
39846,21:27.197,2,514.0,561.0,700.0,824.0,1866.0,796.0,1981.0,939.0
39861,21:27.681,2,1822.0,770.0,1934.0,912.0,472.0,529.0,663.0,805.0
39876,21:28.166,1,1393.0,741.0,1489.0,870.0,,,,
39891,21:28.651,1,1225.0,712.0,1319.0,839.0,,,,
39906,21:29.135,2,256.0,569.0,468.0,839.0,1649.0,713.0,1757.0,850.0
39921,21:29.620,2,734.0,562.0,906.0,813.0,2089.0,756.0,2222.0,906.0
39936,21:30.104,2,849.0,504.0,1016.0,753.0,2241.0,734.0,2385.0,883.0
39951,21:30.589,2,860.0,502.0,1027.0,756.0,2248.0,743.0,2390.0,892.0
39966,21:31.073,2,864.0,500.0,1032.0,753.0,2255.0,744.0,2398.0,892.0
39981,21:31.558,2,869.0,508.0,1035.0,762.0,2255.0,755.0,2394.0,899.0
39996,21:32.043,2,864.0,523.0,1031.0,776.0,2238.0,777.0,2384.0,925.0
40011,21:32.527,2,2289.0,762.0,2417.0,911.0,898.0,519.0,1059.0,730.0
40026,21:33.012,2,2264.0,741.0,2408.0,891.0,880.0,530.0,1046.0,743.0
40041,21:33.496,2,2259.0,732.0,2399.0,880.0,875.0,541.0,1035.0,733.0
40056,21:33.981,2,2261.0,724.0,2400.0,869.0,872.0,511.0,1033.0,722.0
40071,21:34.465,1,915.0,580.0,1080.0,831.0,,,,
40086,21:34.950,1,919.0,573.0,1080.0,782.0,,,,
40101,21:35.434,2,933.0,574.0,1082.0,806.0,2311.0,758.0,2434.0,908.0
40116,21:35.919,2,913.0,570.0,1076.0,787.0,2303.0,753.0,2430.0,900.0
40131,21:36.404,2,906.0,572.0,1069.0,793.0,2301.0,754.0,2431.0,902.0
40146,21:36.888,2,926.0,552.0,1083.0,778.0,2307.0,739.0,2437.0,890.0
40161,21:37.373,2,917.0,553.0,1077.0,790.0,2303.0,746.0,2435.0,896.0
40176,21:37.857,2,938.0,548.0,1099.0,787.0,2301.0,745.0,2431.0,892.0
40191,21:38.342,2,947.0,553.0,1109.0,799.0,2301.0,747.0,2435.0,897.0
40206,21:38.826,2,926.0,552.0,1089.0,797.0,2305.0,747.0,2434.0,897.0
40221,21:39.311,2,935.0,543.0,1099.0,789.0,2289.0,747.0,2420.0,891.0
40236,21:39.796,2,950.0,541.0,1109.0,784.0,2287.0,749.0,2415.0,891.0
40251,21:40.280,2,964.0,568.0,1125.0,806.0,2306.0,766.0,2438.0,921.0
40266,21:40.765,2,970.0,577.0,1129.0,807.0,2314.0,777.0,2438.0,927.0
40281,21:41.249,2,969.0,577.0,1128.0,806.0,2306.0,774.0,2436.0,923.0
40296,21:41.734,2,966.0,570.0,1125.0,802.0,2297.0,760.0,2425.0,906.0
40311,21:42.218,2,952.0,570.0,1111.0,807.0,2285.0,754.0,2420.0,899.0
40326,21:42.703,2,949.0,590.0,1111.0,828.0,2274.0,781.0,2416.0,927.0
40341,21:43.187,2,953.0,678.0,1106.0,914.0,2259.0,873.0,2401.0,1017.0
40356,21:43.672,2,897.0,709.0,1058.0,940.0,2217.0,859.0,2355.0,1010.0
40371,21:44.157,2,825.0,656.0,991.0,893.0,2160.0,753.0,2289.0,900.0
40386,21:44.641,1,1057.0,731.0,1143.0,853.0,,,,
40401,21:45.126,2,1639.0,802.0,1801.0,1015.0,362.0,815.0,471.0,957.0
40416,21:45.610,2,1990.0,709.0,2209.0,951.0,700.0,760.0,796.0,888.0
40431,21:46.095,1,912.0,830.0,1077.0,1066.0,,,,
40446,21:46.579,2,940.0,794.0,1094.0,1036.0,2283.0,905.0,2410.0,1046.0
40461,21:47.064,2,1698.0,813.0,1872.0,1030.0,437.0,930.0,540.0,1066.0
40476,21:47.549,2,822.0,928.0,911.0,1049.0,2132.0,923.0,2363.0,1175.0
40491,21:48.033,1,1225.0,953.0,1314.0,1080.0,,,,
40506,21:48.518,1,1287.0,888.0,1375.0,1015.0,,,,
40521,21:49.002,1,1235.0,819.0,1324.0,946.0,,,,
40536,21:49.487,0,,,,,,,,
40551,21:49.971,1,79.0,851.0,298.0,1164.0,,,,
40566,21:50.456,0,,,,,,,,
40581,21:50.941,0,,,,,,,,
40596,21:51.425,1,1967.0,587.0,2077.0,731.0,,,,
40611,21:51.910,1,2083.0,452.0,2201.0,602.0,,,,
40626,21:52.394,0,,,,,,,,
40641,21:52.879,1,1933.0,519.0,2036.0,664.0,,,,
40656,21:53.363,1,1882.0,591.0,1980.0,733.0,,,,
40671,21:53.848,0,,,,,,,,
40686,21:54.332,0,,,,,,,,
40701,21:54.817,0,,,,,,,,
40716,21:55.302,1,1203.0,1187.0,1374.0,1419.0,,,,
40731,21:55.786,0,,,,,,,,
40746,21:56.271,1,1175.0,1112.0,1349.0,1343.0,,,,
40761,21:56.755,1,1201.0,1125.0,1385.0,1370.0,,,,
40776,21:57.240,0,,,,,,,,
40791,21:57.724,0,,,,,,,,
40806,21:58.209,0,,,,,,,,
40821,21:58.694,0,,,,,,,,
40836,21:59.178,0,,,,,,,,
40851,21:59.663,0,,,,,,,,
40866,22:00.147,0,,,,,,,,
40881,22:00.632,0,,,,,,,,
40896,22:01.116,0,,,,,,,,
40911,22:01.601,0,,,,,,,,
40926,22:02.086,0,,,,,,,,
40941,22:02.570,0,,,,,,,,
40956,22:03.055,0,,,,,,,,
40971,22:03.539,0,,,,,,,,
40986,22:04.024,0,,,,,,,,
41001,22:04.508,0,,,,,,,,
41016,22:04.993,0,,,,,,,,
41031,22:05.477,0,,,,,,,,
41046,22:05.962,0,,,,,,,,
41061,22:06.447,0,,,,,,,,
41076,22:06.931,0,,,,,,,,
41091,22:07.416,0,,,,,,,,
41106,22:07.900,0,,,,,,,,
41121,22:08.385,0,,,,,,,,
41136,22:08.869,0,,,,,,,,
41151,22:09.354,0,,,,,,,,
41166,22:09.839,0,,,,,,,,
41181,22:10.323,0,,,,,,,,
41196,22:10.808,0,,,,,,,,
41211,22:11.292,0,,,,,,,,
41226,22:11.777,0,,,,,,,,
41241,22:12.261,1,1944.0,828.0,2053.0,968.0,,,,
41256,22:12.746,2,1973.0,632.0,2185.0,905.0,1220.0,787.0,1311.0,906.0
41271,22:13.230,2,1972.0,623.0,2184.0,899.0,1223.0,776.0,1311.0,895.0
41286,22:13.715,2,2003.0,617.0,2222.0,896.0,1245.0,766.0,1334.0,887.0
41301,22:14.200,0,,,,,,,,
41316,22:14.684,1,368.0,728.0,568.0,1003.0,,,,
41331,22:15.169,1,568.0,636.0,753.0,903.0,,,,
41346,22:15.653,1,199.0,636.0,428.0,931.0,,,,
41361,22:16.138,0,,,,,,,,
41376,22:16.622,0,,,,,,,,
41391,22:17.107,1,2131.0,349.0,2271.0,510.0,,,,
41406,22:17.592,1,1959.0,388.0,2080.0,539.0,,,,
41421,22:18.076,1,1602.0,778.0,1707.0,916.0,,,,
41436,22:18.561,0,,,,,,,,
41451,22:19.045,0,,,,,,,,
41466,22:19.530,0,,,,,,,,
41481,22:20.014,0,,,,,,,,
41496,22:20.499,0,,,,,,,,
41511,22:20.984,0,,,,,,,,
41526,22:21.468,0,,,,,,,,
41541,22:21.953,0,,,,,,,,
41556,22:22.437,0,,,,,,,,
41571,22:22.922,0,,,,,,,,
41586,22:23.406,0,,,,,,,,
41601,22:23.891,0,,,,,,,,
41616,22:24.375,0,,,,,,,,
41631,22:24.860,0,,,,,,,,
41646,22:25.345,0,,,,,,,,
41661,22:25.829,2,1973.0,766.0,2195.0,1003.0,772.0,818.0,878.0,954.0
41676,22:26.314,1,729.0,776.0,835.0,914.0,,,,
41691,22:26.798,1,1692.0,694.0,1807.0,841.0,,,,
41706,22:27.283,1,1787.0,671.0,1908.0,823.0,,,,
41721,22:27.767,1,220.0,665.0,369.0,832.0,,,,
41736,22:28.252,1,1011.0,659.0,1114.0,796.0,,,,
41751,22:28.737,1,1035.0,666.0,1138.0,804.0,,,,
41766,22:29.221,1,904.0,523.0,1015.0,671.0,,,,
41781,22:29.706,1,1147.0,425.0,1257.0,573.0,,,,
41796,22:30.190,1,1888.0,202.0,2023.0,380.0,,,,
41811,22:30.675,1,1691.0,189.0,1820.0,359.0,,,,
41826,22:31.159,0,,,,,,,,
41841,22:31.644,1,1166.0,330.0,1284.0,484.0,,,,
41856,22:32.129,1,1067.0,353.0,1182.0,516.0,,,,
41871,22:32.613,1,1028.0,485.0,1142.0,639.0,,,,
41886,22:33.098,1,711.0,515.0,819.0,673.0,,,,
41901,22:33.582,1,797.0,446.0,904.0,600.0,,,,
41916,22:34.067,0,,,,,,,,
41931,22:34.551,0,,,,,,,,
41946,22:35.036,0,,,,,,,,
41961,22:35.520,0,,,,,,,,
41976,22:36.005,0,,,,,,,,
41991,22:36.490,0,,,,,,,,
42006,22:36.974,0,,,,,,,,
42021,22:37.459,0,,,,,,,,
42036,22:37.943,0,,,,,,,,
42051,22:38.428,0,,,,,,,,
42066,22:38.912,0,,,,,,,,
42081,22:39.397,0,,,,,,,,
42096,22:39.882,0,,,,,,,,
42111,22:40.366,0,,,,,,,,
42126,22:40.851,0,,,,,,,,
42141,22:41.335,0,,,,,,,,
42156,22:41.820,0,,,,,,,,
42171,22:42.304,0,,,,,,,,
42186,22:42.789,0,,,,,,,,
42201,22:43.273,0,,,,,,,,
42216,22:43.758,0,,,,,,,,
42231,22:44.243,0,,,,,,,,
42246,22:44.727,0,,,,,,,,
42261,22:45.212,0,,,,,,,,
42276,22:45.696,0,,,,,,,,
42291,22:46.181,0,,,,,,,,
42306,22:46.665,0,,,,,,,,
42321,22:47.150,0,,,,,,,,
42336,22:47.635,0,,,,,,,,
42351,22:48.119,0,,,,,,,,
42366,22:48.604,0,,,,,,,,
42381,22:49.088,0,,,,,,,,
42396,22:49.573,0,,,,,,,,
42411,22:50.057,0,,,,,,,,
42426,22:50.542,0,,,,,,,,
42441,22:51.027,0,,,,,,,,
42456,22:51.511,0,,,,,,,,
42471,22:51.996,0,,,,,,,,
42486,22:52.480,0,,,,,,,,
42501,22:52.965,0,,,,,,,,
42516,22:53.449,0,,,,,,,,
42531,22:53.934,0,,,,,,,,
42546,22:54.418,0,,,,,,,,
42561,22:54.903,0,,,,,,,,
42576,22:55.388,0,,,,,,,,
42591,22:55.872,0,,,,,,,,
42606,22:56.357,0,,,,,,,,
42621,22:56.841,0,,,,,,,,
42636,22:57.326,0,,,,,,,,
42651,22:57.810,0,,,,,,,,
42666,22:58.295,0,,,,,,,,
42681,22:58.780,0,,,,,,,,
42696,22:59.264,0,,,,,,,,
42711,22:59.749,0,,,,,,,,
42726,23:00.233,0,,,,,,,,
42741,23:00.718,0,,,,,,,,
42756,23:01.202,0,,,,,,,,
42771,23:01.687,0,,,,,,,,
42786,23:02.171,0,,,,,,,,
42801,23:02.656,0,,,,,,,,
42816,23:03.141,0,,,,,,,,
42831,23:03.625,0,,,,,,,,
42846,23:04.110,0,,,,,,,,
42861,23:04.594,0,,,,,,,,
42876,23:05.079,0,,,,,,,,
42891,23:05.563,0,,,,,,,,
42906,23:06.048,0,,,,,,,,
42921,23:06.533,0,,,,,,,,
42936,23:07.017,0,,,,,,,,
42951,23:07.502,0,,,,,,,,
42966,23:07.986,0,,,,,,,,
42981,23:08.471,0,,,,,,,,
42996,23:08.955,0,,,,,,,,
43011,23:09.440,0,,,,,,,,
43026,23:09.925,0,,,,,,,,
43041,23:10.409,0,,,,,,,,
43056,23:10.894,0,,,,,,,,
43071,23:11.378,0,,,,,,,,
43086,23:11.863,0,,,,,,,,
43101,23:12.347,0,,,,,,,,
43116,23:12.832,0,,,,,,,,
43131,23:13.316,0,,,,,,,,
43146,23:13.801,0,,,,,,,,
43161,23:14.286,0,,,,,,,,
43176,23:14.770,0,,,,,,,,
43191,23:15.255,0,,,,,,,,
43206,23:15.739,0,,,,,,,,
43221,23:16.224,0,,,,,,,,
43236,23:16.708,0,,,,,,,,
43251,23:17.193,0,,,,,,,,
43266,23:17.678,0,,,,,,,,
43281,23:18.162,0,,,,,,,,
43296,23:18.647,0,,,,,,,,
43311,23:19.131,0,,,,,,,,
43326,23:19.616,0,,,,,,,,
43341,23:20.100,0,,,,,,,,
43356,23:20.585,0,,,,,,,,
43371,23:21.070,0,,,,,,,,
43386,23:21.554,0,,,,,,,,
43401,23:22.039,0,,,,,,,,
43416,23:22.523,0,,,,,,,,
43431,23:23.008,0,,,,,,,,
43446,23:23.492,0,,,,,,,,
43461,23:23.977,0,,,,,,,,
43476,23:24.461,0,,,,,,,,
43491,23:24.946,0,,,,,,,,
43506,23:25.431,0,,,,,,,,
43521,23:25.915,0,,,,,,,,
43536,23:26.400,0,,,,,,,,
43551,23:26.884,0,,,,,,,,
43566,23:27.369,0,,,,,,,,
43581,23:27.853,0,,,,,,,,
43596,23:28.338,0,,,,,,,,
43611,23:28.823,0,,,,,,,,
43626,23:29.307,0,,,,,,,,
43641,23:29.792,0,,,,,,,,
43656,23:30.276,0,,,,,,,,
43671,23:30.761,0,,,,,,,,
43686,23:31.245,0,,,,,,,,
43701,23:31.730,0,,,,,,,,
43716,23:32.214,0,,,,,,,,
43731,23:32.699,0,,,,,,,,
43746,23:33.184,0,,,,,,,,
43761,23:33.668,0,,,,,,,,
43776,23:34.153,0,,,,,,,,
43791,23:34.637,0,,,,,,,,
43806,23:35.122,0,,,,,,,,
43821,23:35.606,0,,,,,,,,
43836,23:36.091,0,,,,,,,,
43851,23:36.576,0,,,,,,,,
43866,23:37.060,0,,,,,,,,
43881,23:37.545,0,,,,,,,,
43896,23:38.029,0,,,,,,,,
43911,23:38.514,0,,,,,,,,
43926,23:38.998,0,,,,,,,,
43941,23:39.483,0,,,,,,,,
43956,23:39.968,0,,,,,,,,
43971,23:40.452,0,,,,,,,,
43986,23:40.937,0,,,,,,,,
44001,23:41.421,0,,,,,,,,
44016,23:41.906,0,,,,,,,,
44031,23:42.390,0,,,,,,,,
44046,23:42.875,0,,,,,,,,
44061,23:43.359,0,,,,,,,,
44076,23:43.844,0,,,,,,,,
44091,23:44.329,0,,,,,,,,
44106,23:44.813,0,,,,,,,,
44121,23:45.298,0,,,,,,,,
44136,23:45.782,0,,,,,,,,
44151,23:46.267,0,,,,,,,,
44166,23:46.751,0,,,,,,,,
44181,23:47.236,0,,,,,,,,
44196,23:47.721,0,,,,,,,,
44211,23:48.205,0,,,,,,,,
44226,23:48.690,0,,,,,,,,
44241,23:49.174,0,,,,,,,,
44256,23:49.659,0,,,,,,,,
44271,23:50.143,0,,,,,,,,
44286,23:50.628,0,,,,,,,,
44301,23:51.112,0,,,,,,,,
44316,23:51.597,0,,,,,,,,
44331,23:52.082,0,,,,,,,,
44346,23:52.566,0,,,,,,,,
44361,23:53.051,0,,,,,,,,
44376,23:53.535,0,,,,,,,,
44391,23:54.020,0,,,,,,,,
44406,23:54.504,0,,,,,,,,
44421,23:54.989,0,,,,,,,,
44436,23:55.474,0,,,,,,,,
44451,23:55.958,0,,,,,,,,
44466,23:56.443,0,,,,,,,,
44481,23:56.927,0,,,,,,,,
44496,23:57.412,0,,,,,,,,
44511,23:57.896,0,,,,,,,,
44526,23:58.381,0,,,,,,,,
44541,23:58.866,0,,,,,,,,
44556,23:59.350,0,,,,,,,,
44571,23:59.835,0,,,,,,,,
44586,24:00.319,0,,,,,,,,
44601,24:00.804,0,,,,,,,,
44616,24:01.288,0,,,,,,,,
